0 0.068386 0.048520 0.078475 0.034539
0 0.162556 0.050987 0.082960 0.032895
0 0.267937 0.048520 0.073991 0.027961
0 0.376682 0.059211 0.071749 0.029605
0 0.468610 0.064145 0.062780 0.029605
0 0.568386 0.064145 0.073991 0.029605
0 0.661435 0.064145 0.058296 0.036184
0 0.758969 0.068257 0.065022 0.031250
0 0.852018 0.068257 0.071749 0.031250
0 0.952915 0.068257 0.071749 0.034539
0 0.072870 0.097862 0.073991 0.037829
0 0.171525 0.103618 0.069507 0.032895
0 0.272422 0.106086 0.069507 0.037829
0 0.375561 0.106086 0.065022 0.037829
0 0.468610 0.106086 0.071749 0.031250
0 0.559417 0.111020 0.069507 0.031250
0 0.649103 0.117599 0.069507 0.031250
0 0.753363 0.115954 0.076233 0.031250
0 0.854260 0.119243 0.071749 0.034539
0 0.938341 0.122533 0.073991 0.031250
0 0.063901 0.151316 0.078475 0.036184
0 0.170404 0.155428 0.076233 0.037829
0 0.271300 0.152961 0.071749 0.032895
0 0.364350 0.157072 0.087444 0.031250
0 0.469731 0.157895 0.065022 0.036184
0 0.560538 0.157072 0.071749 0.027961
0 0.655830 0.160362 0.082960 0.037829
0 0.757848 0.159539 0.076233 0.023026
0 0.853139 0.164474 0.073991 0.029605
0 0.945067 0.166941 0.069507 0.021382
0 0.069507 0.199013 0.076233 0.029605
0 0.176009 0.200658 0.091928 0.032895
0 0.267937 0.197368 0.078475 0.032895
0 0.372197 0.200658 0.076233 0.029605
0 0.469731 0.208059 0.082960 0.031250
0 0.560538 0.208882 0.076233 0.029605
0 0.651345 0.208059 0.073991 0.031250
0 0.751121 0.205592 0.080717 0.029605
0 0.844170 0.208882 0.069507 0.029605
0 0.938341 0.212171 0.082960 0.029605
0 0.078475 0.244243 0.080717 0.031250
0 0.165919 0.244243 0.071749 0.034539
0 0.269058 0.248355 0.071749 0.032895
0 0.366592 0.241776 0.078475 0.032895
0 0.458520 0.253289 0.065022 0.029605
0 0.554933 0.259046 0.078475 0.034539
0 0.659193 0.256579 0.076233 0.032895
0 0.753363 0.254934 0.071749 0.032895
0 0.845291 0.259046 0.071749 0.024671
0 0.939462 0.252467 0.076233 0.027961
0 0.076233 0.287007 0.076233 0.031250
0 0.172646 0.288651 0.067265 0.024671
0 0.267937 0.294408 0.069507 0.029605
0 0.371076 0.294408 0.091928 0.032895
0 0.466368 0.293586 0.085202 0.024671
0 0.561659 0.298520 0.087444 0.034539
0 0.661435 0.300164 0.071749 0.031250
0 0.755605 0.299342 0.076233 0.029605
0 0.844170 0.302632 0.073991 0.026316
0 0.947309 0.305099 0.065022 0.027961
0 0.069507 0.336349 0.076233 0.027961
0 0.165919 0.333059 0.076233 0.027961
0 0.273543 0.337171 0.076233 0.026316
0 0.360987 0.340461 0.071749 0.029605
0 0.465247 0.337993 0.105381 0.031250
0 0.566143 0.342105 0.069507 0.032895
0 0.658072 0.343750 0.078475 0.029605
0 0.750000 0.344572 0.078475 0.037829
0 0.852018 0.347039 0.080717 0.032895
0 0.943946 0.350329 0.089686 0.032895
0 0.075112 0.382401 0.082960 0.034539
0 0.178251 0.385691 0.082960 0.034539
0 0.274664 0.388158 0.078475 0.032895
0 0.365471 0.384868 0.076233 0.032895
0 0.461883 0.384046 0.076233 0.037829
0 0.560538 0.392270 0.080717 0.037829
0 0.655830 0.388158 0.087444 0.032895
0 0.752242 0.390625 0.091928 0.034539
0 0.849776 0.393914 0.080717 0.024671
0 0.941704 0.395559 0.076233 0.031250
3 0.812780 0.952303 0.109865 0.078947
