0 0.059375 0.032206 0.072917 0.035427
0 0.176042 0.037842 0.072917 0.030596
0 0.275000 0.036232 0.062500 0.030596
0 0.369792 0.040258 0.072917 0.028986
0 0.470833 0.047504 0.062500 0.030596
0 0.572917 0.047504 0.075000 0.027375
0 0.658333 0.047504 0.075000 0.030596
0 0.760417 0.050725 0.075000 0.027375
0 0.844792 0.053140 0.072917 0.028986
0 0.938542 0.055556 0.081250 0.027375
0 0.062500 0.083736 0.087500 0.032206
2 0.167708 0.084541 0.068750 0.030596
0 0.265625 0.099034 0.072917 0.030596
0 0.372917 0.099034 0.079167 0.030596
0 0.464583 0.098229 0.075000 0.028986
0 0.557292 0.098229 0.077083 0.028986
0 0.659375 0.098229 0.072917 0.025765
0 0.750000 0.099034 0.075000 0.030596
0 0.833333 0.100644 0.075000 0.027375
0 0.929167 0.099839 0.070833 0.035427
0 0.069792 0.130435 0.081250 0.032206
0 0.162500 0.135266 0.070833 0.032206
0 0.263542 0.136071 0.085417 0.030596
0 0.366667 0.140902 0.070833 0.030596
0 0.463542 0.144928 0.068750 0.035427
0 0.544792 0.142512 0.068750 0.030596
0 0.650000 0.145733 0.083333 0.030596
0 0.750000 0.144928 0.070833 0.028986
0 0.842708 0.147343 0.068750 0.027375
0 0.933333 0.151369 0.075000 0.025765
0 0.069792 0.178744 0.081250 0.025765
0 0.165625 0.178744 0.081250 0.032206
0 0.266667 0.183575 0.075000 0.032206
0 0.366667 0.184380 0.079167 0.033816
0 0.464583 0.188406 0.087500 0.032206
0 0.565625 0.189211 0.077083 0.033816
0 0.648958 0.190016 0.081250 0.032206
0 0.737500 0.188406 0.066667 0.025765
0 0.838542 0.194042 0.081250 0.037037
0 0.933333 0.200483 0.075000 0.033816
0 0.068750 0.230274 0.079167 0.025765
0 0.165625 0.234300 0.081250 0.030596
0 0.263542 0.234300 0.072917 0.030596
0 0.363542 0.239936 0.060417 0.028986
0 0.463542 0.236715 0.064583 0.022544
0 0.544792 0.231884 0.064583 0.025765
0 0.654167 0.241546 0.062500 0.025765
0 0.743750 0.240741 0.066667 0.024155
0 0.837500 0.239936 0.062500 0.022544
0 0.926042 0.244767 0.056250 0.028986
0 0.068750 0.278583 0.079167 0.025765
0 0.170833 0.279388 0.062500 0.030596
3 0.825000 0.962158 0.104167 0.040258
