0 0.146048 0.039826 0.061680 0.030233
0 0.238568 0.041134 0.061680 0.032849
0 0.311060 0.047529 0.055654 0.025291
0 0.391173 0.052471 0.058490 0.025291
0 0.472173 0.051890 0.056717 0.026453
0 0.557781 0.056977 0.058490 0.021512
0 0.636299 0.056977 0.061680 0.021512
0 0.714995 0.060029 0.052464 0.025291
0 0.789614 0.058866 0.057072 0.022965
0 0.877526 0.060174 0.059908 0.030233
0 0.157037 0.079070 0.061680 0.020349
0 0.234846 0.081686 0.059908 0.022674
0 0.311769 0.089826 0.057072 0.026744
0 0.390464 0.089244 0.057072 0.022674
0 0.470578 0.093605 0.057072 0.021512
0 0.551577 0.096221 0.068061 0.021512
0 0.635590 0.100581 0.063098 0.025000
0 0.709500 0.102471 0.063453 0.021221
0 0.793513 0.101890 0.064871 0.020058
0 0.866714 0.100000 0.056717 0.021512
0 0.152428 0.120058 0.055300 0.029070
0 0.233960 0.122093 0.052464 0.022674
0 0.315668 0.127762 0.058490 0.026453
0 0.392060 0.130378 0.060262 0.026453
3 0.800425 0.936628 0.085076 0.056977
