0 0.124352 0.034193 0.055514 0.028794
0 0.206699 0.038542 0.060326 0.032693
0 0.297742 0.042891 0.060326 0.033593
0 0.391192 0.048590 0.055514 0.025195
0 0.469652 0.051740 0.058475 0.026095
0 0.555144 0.053539 0.056995 0.027295
0 0.643227 0.052340 0.072539 0.024895
0 0.721132 0.055489 0.061806 0.028794
0 0.799038 0.056689 0.056995 0.023995
0 0.882124 0.059838 0.063286 0.024895
0 0.129719 0.081134 0.063286 0.020096
0 0.219097 0.088032 0.062916 0.021296
0 0.302369 0.086083 0.056995 0.025195
0 0.386380 0.091632 0.058475 0.026095
0 0.468912 0.095981 0.059956 0.027594
0 0.551443 0.092232 0.052554 0.022496
0 0.627868 0.103479 0.063286 0.027594
0 0.718727 0.102280 0.062916 0.025195
0 0.801258 0.102280 0.061436 0.025195
0 0.888416 0.100930 0.066247 0.022496
0 0.131939 0.131674 0.061806 0.028794
0 0.208919 0.131074 0.064767 0.025195
0 0.297742 0.129124 0.060326 0.026095
0 0.385640 0.131674 0.062916 0.028794
0 0.471132 0.134823 0.071058 0.024895
0 0.554404 0.134823 0.052554 0.022496
0 0.635455 0.140522 0.054034 0.023695
0 0.711140 0.146671 0.066247 0.026395
0 0.803109 0.146071 0.061436 0.025195
0 0.889156 0.140372 0.052184 0.026395
0 0.126573 0.166017 0.069578 0.027295
0 0.215951 0.174715 0.063286 0.024895
0 0.301628 0.177265 0.055514 0.025195
0 0.379534 0.180414 0.069208 0.028494
0 0.469837 0.182214 0.064767 0.024895
0 0.555329 0.181614 0.069208 0.023695
0 0.642487 0.184763 0.074019 0.027594
0 0.718727 0.185363 0.062916 0.026395
0 0.804219 0.183563 0.071058 0.025195
0 0.886751 0.185363 0.059956 0.026395
0 0.123427 0.217906 0.063286 0.031494
0 0.205959 0.216707 0.070688 0.026095
0 0.295522 0.219256 0.064767 0.028794
0 0.386380 0.222256 0.061436 0.027594
0 0.471318 0.221656 0.064767 0.020996
0 0.551258 0.224205 0.064767 0.026095
0 0.638416 0.224805 0.072539 0.027295
0 0.722613 0.229154 0.070688 0.023995
0 0.807365 0.233503 0.064767 0.024895
0 0.893782 0.228554 0.068098 0.025195
0 0.121207 0.264697 0.064767 0.024895
0 0.208179 0.265447 0.063286 0.028794
0 0.301443 0.265297 0.064767 0.023695
0 0.388786 0.266047 0.060326 0.025195
0 0.472798 0.264097 0.061806 0.023695
0 0.553849 0.262897 0.066247 0.028494
0 0.635455 0.272196 0.072539 0.024895
0 0.721873 0.271596 0.066247 0.023695
0 0.808105 0.275495 0.066247 0.023695
0 0.896188 0.266647 0.063286 0.028794
0 0.117691 0.301890 0.075500 0.026695
0 0.205218 0.305639 0.066247 0.021596
0 0.294782 0.305489 0.066247 0.029094
0 0.388786 0.312537 0.060326 0.022795
0 0.466506 0.314337 0.067728 0.026395
0 0.552924 0.309988 0.058475 0.030294
0 0.643042 0.316137 0.063286 0.025195
0 0.724093 0.318686 0.061806 0.025495
0 0.806625 0.317337 0.063286 0.022795
0 0.903775 0.319436 0.066617 0.023995
0 0.117321 0.349880 0.066617 0.022496
0 0.199852 0.351980 0.058475 0.026095
0 0.296262 0.350180 0.063286 0.022496
0 0.378423 0.362028 0.058845 0.028794
0 0.468912 0.362627 0.056995 0.029994
0 0.562916 0.360678 0.059956 0.021296
0 0.649334 0.354979 0.060326 0.020096
3 0.784974 0.961158 0.091044 0.042292
