0 0.137432 0.044032 0.056420 0.031890
0 0.223146 0.050322 0.064376 0.031597
0 0.307957 0.057197 0.058228 0.033060
0 0.384268 0.058514 0.050271 0.028087
0 0.467631 0.059830 0.062929 0.027794
0 0.549367 0.069339 0.053526 0.029257
0 0.636709 0.071972 0.058228 0.026916
0 0.713020 0.075190 0.059675 0.028087
0 0.799458 0.076360 0.059675 0.022820
0 0.878119 0.082212 0.056420 0.021650
0 0.135081 0.085284 0.058228 0.027794
0 0.214467 0.089672 0.060036 0.024283
0 0.297830 0.095524 0.062568 0.025453
0 0.383544 0.098742 0.064738 0.026624
0 0.473960 0.105032 0.056781 0.021650
0 0.555877 0.107519 0.062929 0.026624
0 0.635081 0.113956 0.052080 0.024283
0 0.717541 0.114541 0.053526 0.020187
0 0.793852 0.118929 0.054973 0.024283
0 0.874864 0.120246 0.056420 0.021650
0 0.128752 0.124634 0.061483 0.028087
0 0.215913 0.134874 0.062929 0.022820
0 0.310307 0.137361 0.053526 0.025453
0 0.389873 0.139409 0.061483 0.024283
0 0.466908 0.144383 0.070886 0.024283
0 0.556600 0.147601 0.054973 0.020187
0 0.633635 0.152721 0.054973 0.020480
0 0.717722 0.157841 0.059675 0.020187
0 0.795479 0.160913 0.048825 0.021650
0 0.886799 0.161644 0.064376 0.023113
0 0.130380 0.169836 0.048825 0.019017
0 0.219168 0.175541 0.056420 0.022820
0 0.301808 0.176858 0.051718 0.020187
0 0.385172 0.184611 0.061483 0.022820
0 0.465280 0.186366 0.055335 0.021650
0 0.552441 0.189731 0.050271 0.025453
0 0.631103 0.188999 0.062929 0.023991
0 0.714647 0.195290 0.044123 0.019017
0 0.794756 0.197191 0.066184 0.020480
0 0.874141 0.201580 0.054973 0.021650
0 0.123327 0.209333 0.060036 0.024283
0 0.211212 0.220743 0.072333 0.026624
0 0.301085 0.219573 0.059675 0.026624
0 0.385172 0.228935 0.064376 0.025453
0 0.477758 0.226448 0.054973 0.022820
0 0.561121 0.230837 0.058228 0.021650
0 0.632911 0.236688 0.053526 0.022820
3 0.826401 0.940755 0.084629 0.082797
