0 0.138092 0.041040 0.063615 0.032581
0 0.217998 0.043076 0.052754 0.031015
0 0.297905 0.049499 0.069822 0.031328
0 0.387510 0.048559 0.058960 0.030075
0 0.460822 0.049499 0.066718 0.028822
0 0.547324 0.052632 0.055857 0.030075
0 0.626843 0.046679 0.066718 0.026316
0 0.729247 0.051848 0.057409 0.026629
0 0.809154 0.050752 0.062064 0.026316
0 0.881303 0.053885 0.057409 0.025063
0 0.131109 0.086310 0.065167 0.025376
0 0.214119 0.084273 0.063615 0.031328
0 0.290147 0.091792 0.057409 0.028822
0 0.383631 0.091479 0.057409 0.030075
0 0.462568 0.093828 0.066330 0.025376
0 0.545772 0.089442 0.071373 0.028509
0 0.622576 0.093828 0.054306 0.025376
0 0.710628 0.087406 0.054306 0.027569
0 0.791505 0.093045 0.066330 0.026316
0 0.885182 0.093045 0.071373 0.023810
0 0.128006 0.123747 0.068270 0.027569
0 0.208107 0.128133 0.060124 0.026316
0 0.294026 0.125783 0.071373 0.034148
0 0.379752 0.134712 0.055857 0.026316
0 0.467417 0.133459 0.054306 0.028822
0 0.542669 0.135025 0.058960 0.027569
0 0.630334 0.133459 0.063615 0.028822
0 0.713732 0.135808 0.069822 0.020990
0 0.805275 0.138158 0.057409 0.028822
0 0.887122 0.136278 0.071373 0.022556
0 0.138867 0.166667 0.058960 0.030075
0 0.212956 0.168233 0.063615 0.028822
0 0.295966 0.173872 0.055857 0.027569
0 0.378006 0.173872 0.062452 0.032581
0 0.459659 0.178258 0.057409 0.023810
0 0.537820 0.178258 0.065555 0.016291
0 0.619860 0.175909 0.077580 0.024123
0 0.706749 0.173872 0.058960 0.027569
0 0.795384 0.177788 0.062452 0.022243
0 0.880528 0.174655 0.058960 0.026629
0 0.134213 0.215539 0.049651 0.027569
0 0.211986 0.217888 0.050039 0.022243
0 0.292863 0.219925 0.062064 0.026316
0 0.382661 0.220238 0.077967 0.032581
0 0.467417 0.221805 0.063615 0.020050
0 0.539566 0.218985 0.074476 0.027569
0 0.621606 0.217419 0.062452 0.028822
0 0.713344 0.217419 0.062064 0.023810
0 0.797130 0.220238 0.065167 0.022556
0 0.891001 0.217419 0.057409 0.026316
0 0.131109 0.256579 0.065167 0.027569
0 0.209077 0.257362 0.065167 0.024123
0 0.294996 0.259712 0.070209 0.028822
0 0.373157 0.263001 0.068270 0.025376
0 0.456943 0.266291 0.071373 0.028822
0 0.550815 0.260965 0.060512 0.026316
0 0.629364 0.262218 0.058573 0.021303
0 0.713732 0.262218 0.072925 0.031328
0 0.787626 0.265508 0.062452 0.025376
0 0.888285 0.260965 0.052754 0.021303
0 0.123351 0.303885 0.046548 0.033835
0 0.197246 0.302632 0.066330 0.028822
0 0.291117 0.306234 0.065555 0.026629
0 0.378976 0.304198 0.060512 0.025063
0 0.453064 0.308584 0.063615 0.026316
0 0.550815 0.310777 0.054306 0.027569
0 0.632467 0.305451 0.074088 0.025063
3 0.788596 0.964286 0.100853 0.071429
