0 0.134370 0.044781 0.064093 0.027837
0 0.228823 0.049168 0.059595 0.034191
0 0.307721 0.055522 0.060720 0.034191
0 0.396552 0.058094 0.054723 0.029047
0 0.480135 0.059909 0.059220 0.030257
0 0.571589 0.059304 0.070465 0.026626
0 0.658358 0.060514 0.062594 0.026626
0 0.739505 0.063086 0.068966 0.023903
0 0.830022 0.059304 0.071589 0.031467
0 0.908171 0.062330 0.053223 0.030257
0 0.136619 0.087595 0.062594 0.027534
0 0.221702 0.091377 0.070090 0.027837
0 0.311657 0.093797 0.062594 0.030257
0 0.395990 0.102118 0.062594 0.031770
0 0.488006 0.097126 0.071964 0.031467
0 0.572339 0.100151 0.062219 0.027837
0 0.653673 0.101513 0.059220 0.022693
0 0.742691 0.104085 0.062594 0.030257
0 0.823838 0.109682 0.056222 0.031770
0 0.904235 0.109682 0.064093 0.026324
0 0.132871 0.133737 0.067091 0.029047
0 0.223388 0.134947 0.057721 0.029047
0 0.313906 0.144327 0.061094 0.027837
0 0.398238 0.145688 0.064093 0.025113
0 0.488193 0.144327 0.065592 0.032678
0 0.572339 0.151891 0.071964 0.027837
0 0.656672 0.147504 0.068966 0.028744
0 0.741192 0.150076 0.065592 0.031467
0 0.818216 0.152496 0.054723 0.026626
0 0.902736 0.152648 0.064093 0.023903
3 0.799475 0.944781 0.092204 0.068079
