0 0.092311 0.029794 0.068139 0.034231
0 0.181195 0.037084 0.061667 0.032964
0 0.273887 0.038986 0.069661 0.020919
0 0.360297 0.038352 0.071184 0.027892
0 0.434145 0.040887 0.063571 0.027892
0 0.518843 0.042948 0.074610 0.026307
0 0.602969 0.048970 0.058622 0.025040
0 0.684812 0.042948 0.054054 0.023772
0 0.763989 0.041680 0.060145 0.026307
0 0.847164 0.041521 0.068139 0.029160
0 0.098782 0.074643 0.049105 0.026307
0 0.179673 0.078605 0.058622 0.026624
0 0.266654 0.078447 0.068139 0.023772
0 0.360487 0.085103 0.058622 0.023772
0 0.441378 0.080507 0.068139 0.027892
0 0.517320 0.086529 0.055577 0.020919
0 0.603159 0.089223 0.068139 0.023772
0 0.679863 0.080507 0.054054 0.027892
0 0.771983 0.083201 0.060145 0.019968
0 0.843357 0.078447 0.060525 0.023772
0 0.109821 0.122821 0.062048 0.030111
0 0.192234 0.126149 0.064713 0.029160
0 0.272364 0.126149 0.069661 0.034231
0 0.362581 0.122029 0.066616 0.031696
0 0.445185 0.126149 0.060525 0.029160
0 0.526837 0.124881 0.061667 0.029160
0 0.602398 0.130745 0.066616 0.030111
0 0.685573 0.124089 0.055577 0.025040
0 0.765702 0.120127 0.063571 0.030428
0 0.848877 0.124723 0.058622 0.023772
0 0.103350 0.164976 0.062048 0.025040
0 0.188238 0.166403 0.053673 0.030428
0 0.276171 0.168304 0.065093 0.029160
0 0.354016 0.167670 0.064713 0.027892
0 0.446707 0.170998 0.066616 0.023772
0 0.526837 0.164976 0.058622 0.025040
0 0.608489 0.177496 0.063571 0.031696
0 0.694328 0.163867 0.060145 0.032964
0 0.767986 0.169097 0.074229 0.027575
0 0.841644 0.160380 0.073087 0.031696
0 0.109631 0.213946 0.055577 0.030428
0 0.181957 0.215372 0.076132 0.038352
0 0.269890 0.208082 0.074610 0.037084
0 0.359536 0.221236 0.063571 0.034231
0 0.444423 0.213312 0.049105 0.026624
3 0.826608 0.946910 0.125238 0.080824
