0 0.091459 0.056993 0.067687 0.040665
0 0.184126 0.050832 0.072522 0.025878
0 0.290492 0.050832 0.066076 0.033272
0 0.367043 0.055761 0.061241 0.030807
0 0.460516 0.053296 0.058018 0.033272
0 0.543513 0.057609 0.062853 0.029575
0 0.640210 0.049600 0.072522 0.020949
0 0.732071 0.047751 0.062853 0.022181
0 0.810234 0.044054 0.061241 0.017252
0 0.916600 0.041590 0.077357 0.029575
0 0.084206 0.098275 0.066076 0.029575
0 0.178485 0.095810 0.074134 0.029575
0 0.275987 0.097659 0.062853 0.023413
0 0.361402 0.097043 0.059629 0.032039
0 0.451652 0.103820 0.062853 0.028343
0 0.545125 0.097659 0.069299 0.028343
0 0.638598 0.097659 0.072522 0.025878
0 0.732877 0.089649 0.070911 0.024646
0 0.811039 0.087800 0.072522 0.025878
0 0.910959 0.083487 0.072522 0.022181
0 0.089847 0.141405 0.064464 0.022181
0 0.170427 0.139556 0.054795 0.023413
0 0.283239 0.142021 0.061241 0.025878
0 0.365431 0.141405 0.067687 0.024646
0 0.466156 0.143253 0.066076 0.030807
0 0.553989 0.139556 0.070911 0.025878
0 0.644239 0.138324 0.064464 0.023413
0 0.736906 0.135860 0.062853 0.025878
0 0.815874 0.137708 0.066076 0.029575
0 0.910959 0.130930 0.072522 0.023413
0 0.095488 0.183919 0.066076 0.023413
0 0.188961 0.184535 0.069299 0.022181
3 0.831990 0.947320 0.101531 0.066543
