0 0.158901 0.057387 0.057153 0.032974
0 0.249909 0.062302 0.058609 0.034559
0 0.330542 0.067850 0.052421 0.031706
0 0.404259 0.067850 0.060066 0.031706
0 0.490353 0.071972 0.061886 0.025999
0 0.578995 0.075301 0.058609 0.019341
0 0.650164 0.085130 0.055333 0.027584
0 0.729341 0.076094 0.061522 0.029169
0 0.801420 0.075460 0.050601 0.022194
0 0.880597 0.078947 0.056789 0.023462
0 0.166727 0.111287 0.066254 0.024731
0 0.247361 0.104312 0.066618 0.032974
0 0.332181 0.110653 0.061522 0.023462
0 0.415908 0.112555 0.058609 0.024731
0 0.492901 0.116043 0.053877 0.025999
0 0.566436 0.121433 0.064798 0.031706
0 0.650164 0.120165 0.055333 0.023462
0 0.719876 0.125079 0.049145 0.027584
0 0.804514 0.129201 0.053877 0.027584
0 0.886968 0.119531 0.057153 0.030438
0 0.161995 0.150444 0.063342 0.026316
0 0.252821 0.153297 0.068074 0.026316
0 0.330542 0.160114 0.058245 0.023462
0 0.409720 0.155992 0.058609 0.025999
0 0.487259 0.162175 0.049145 0.035828
0 0.581544 0.157419 0.060066 0.020609
0 0.649436 0.156785 0.053877 0.027584
0 0.722971 0.166455 0.055333 0.024731
0 0.795049 0.164394 0.060430 0.026316
0 0.879687 0.170419 0.058609 0.027584
0 0.163451 0.198795 0.063342 0.029169
0 0.255369 0.198161 0.060066 0.024731
0 0.333637 0.198795 0.061522 0.031706
0 0.408810 0.198795 0.056789 0.031706
0 0.488715 0.202917 0.058609 0.029169
0 0.563160 0.202917 0.061886 0.029169
0 0.649436 0.201649 0.060430 0.031706
0 0.725337 0.209100 0.060066 0.019341
0 0.806152 0.211795 0.060066 0.024731
0 0.869494 0.208465 0.060066 0.026316
0 0.161085 0.236684 0.058609 0.027584
0 0.253731 0.240171 0.056789 0.028852
0 0.333819 0.246988 0.045868 0.029169
0 0.408082 0.247622 0.061886 0.024731
0 0.485621 0.246354 0.052421 0.030438
0 0.563160 0.250476 0.061886 0.024731
0 0.647980 0.245561 0.053877 0.028852
0 0.728613 0.252536 0.060066 0.028852
3 0.790317 0.963697 0.066254 0.067533
