0 0.130974 0.039034 0.063480 0.028858
0 0.214338 0.049514 0.049252 0.029162
0 0.296789 0.046173 0.058738 0.030377
0 0.387267 0.048147 0.061656 0.026428
0 0.461875 0.051640 0.062021 0.030377
0 0.554542 0.052855 0.056914 0.030377
0 0.627508 0.054222 0.053995 0.025213
0 0.708501 0.056956 0.060562 0.025213
0 0.788581 0.054982 0.058738 0.023694
0 0.875775 0.056349 0.061656 0.026428
0 0.132616 0.081865 0.060197 0.027643
0 0.210507 0.085207 0.063480 0.026428
0 0.303356 0.094623 0.058738 0.026428
0 0.384166 0.093256 0.055454 0.031592
0 0.464976 0.093256 0.058738 0.023694
0 0.547428 0.096598 0.061656 0.022479
0 0.626049 0.100547 0.063480 0.022479
0 0.717986 0.102977 0.060562 0.022479
0 0.795695 0.093864 0.066399 0.022479
0 0.883802 0.094623 0.061656 0.026428
0 0.124772 0.132746 0.066399 0.031592
0 0.219993 0.132898 0.056914 0.026428
0 0.297702 0.128797 0.056914 0.023694
0 0.383254 0.135328 0.060197 0.026428
0 0.464976 0.140036 0.068223 0.022479
0 0.552353 0.141403 0.055454 0.027643
0 0.629150 0.140036 0.053630 0.022479
0 0.717986 0.138062 0.056914 0.026428
0 0.798066 0.139429 0.071142 0.029162
0 0.886903 0.140036 0.064940 0.024909
0 0.137359 0.173755 0.060197 0.026124
0 0.220722 0.179070 0.052536 0.023998
0 0.296789 0.183627 0.058738 0.027643
0 0.376323 0.181804 0.068223 0.026428
0 0.466436 0.181804 0.058738 0.026428
0 0.545057 0.182412 0.066399 0.027643
0 0.628238 0.181652 0.055454 0.029162
0 0.712514 0.186361 0.055454 0.027643
0 0.785480 0.186361 0.055454 0.027643
0 0.874316 0.181804 0.068223 0.026428
0 0.129515 0.215371 0.056914 0.024909
0 0.211966 0.220687 0.060562 0.025213
0 0.296425 0.217953 0.050711 0.027643
0 0.383254 0.218104 0.060197 0.022479
0 0.466618 0.224635 0.062021 0.025213
0 0.546698 0.224635 0.053630 0.025213
0 0.630792 0.226002 0.066399 0.022479
0 0.718716 0.230559 0.062021 0.018226
0 0.797154 0.227217 0.072966 0.024909
0 0.883072 0.224484 0.069683 0.022479
0 0.124772 0.256987 0.047428 0.023694
0 0.207953 0.262910 0.052536 0.025213
0 0.292047 0.258961 0.058738 0.019745
0 0.371397 0.263670 0.064940 0.023694
0 0.459504 0.266252 0.057278 0.028858
0 0.545786 0.266859 0.071507 0.022175
0 0.634075 0.266859 0.063480 0.022175
0 0.714885 0.264885 0.057278 0.023694
0 0.792594 0.269593 0.066764 0.025213
0 0.873586 0.264885 0.060197 0.026124
0 0.123130 0.303919 0.057278 0.025213
0 0.204852 0.303919 0.061656 0.025213
0 0.294418 0.305893 0.063480 0.031592
0 0.372309 0.305741 0.066764 0.026428
0 0.460963 0.311057 0.066764 0.029162
0 0.549799 0.309842 0.056914 0.037060
0 0.638636 0.309690 0.066764 0.026428
0 0.714885 0.312424 0.060197 0.026428
0 0.806093 0.311665 0.068223 0.022479
0 0.879059 0.312424 0.071142 0.028858
0 0.115104 0.346142 0.060197 0.027643
0 0.202481 0.348724 0.060562 0.024909
0 0.295330 0.351306 0.058738 0.025213
0 0.375410 0.352066 0.063480 0.023694
0 0.460233 0.356774 0.061656 0.033111
0 0.545969 0.356774 0.061656 0.027643
0 0.635534 0.356622 0.056914 0.030377
0 0.718898 0.353433 0.058738 0.034326
0 0.802992 0.363305 0.064940 0.027947
0 0.885443 0.354040 0.064940 0.027643
0 0.111273 0.394441 0.058373 0.034326
0 0.187523 0.392315 0.064940 0.025213
0 0.283291 0.396264 0.069683 0.025213
0 0.369756 0.400972 0.061656 0.023694
0 0.455491 0.402187 0.061656 0.023694
0 0.541591 0.401428 0.069683 0.025213
0 0.639548 0.398846 0.071507 0.022479
0 0.721087 0.396871 0.060197 0.026428
0 0.802809 0.406744 0.071142 0.030377
0 0.888362 0.407503 0.055454 0.028858
0 0.116016 0.437272 0.058373 0.027643
0 0.202481 0.433931 0.063480 0.034326
0 0.284933 0.437272 0.063480 0.033111
0 0.371580 0.436665 0.068223 0.034326
0 0.461693 0.441829 0.058738 0.026428
0 0.547428 0.443803 0.061656 0.027947
0 0.632433 0.437272 0.066764 0.033111
0 0.715615 0.441829 0.058738 0.028858
0 0.797884 0.449878 0.062021 0.034629
0 0.891828 0.444714 0.074790 0.023694
0 0.108902 0.487394 0.060197 0.025213
0 0.202481 0.486179 0.060562 0.033111
0 0.288034 0.488761 0.076250 0.030377
0 0.368296 0.485419 0.058738 0.029162
0 0.468442 0.487546 0.055454 0.030377
0 0.550711 0.485571 0.061656 0.026428
0 0.627508 0.485571 0.056914 0.034326
0 0.709230 0.486027 0.052536 0.030377
0 0.804451 0.495899 0.062021 0.034326
0 0.894017 0.490128 0.066764 0.027643
0 0.110544 0.532959 0.072966 0.028858
0 0.205582 0.534933 0.060197 0.027947
0 0.284933 0.531592 0.060562 0.031592
0 0.376870 0.531592 0.072966 0.029162
0 0.468807 0.533566 0.063480 0.027643
0 0.547610 0.535693 0.064940 0.034326
0 0.635534 0.536148 0.060562 0.030377
0 0.719628 0.532959 0.069683 0.028858
0 0.810835 0.530377 0.065305 0.029162
0 0.898030 0.536300 0.068223 0.027643
0 0.102517 0.583840 0.072966 0.030377
0 0.184969 0.586574 0.066399 0.030377
0 0.281831 0.588396 0.060197 0.037060
0 0.377052 0.579283 0.060197 0.031592
3 0.803539 0.950942 0.114192 0.080498
