0 0.143708 0.046262 0.058824 0.029412
0 0.220588 0.050551 0.069620 0.030637
0 0.309754 0.060202 0.055845 0.026654
0 0.384959 0.056526 0.057334 0.037071
0 0.475614 0.059589 0.062174 0.025429
0 0.561057 0.062194 0.058824 0.025735
0 0.630864 0.064032 0.068131 0.026961
0 0.716865 0.064645 0.051005 0.028186
0 0.802867 0.071844 0.065153 0.024203
0 0.888310 0.066023 0.074460 0.027880
0 0.136821 0.083180 0.063663 0.026654
0 0.219657 0.090227 0.052867 0.027880
0 0.298213 0.096661 0.054356 0.022978
0 0.384214 0.102328 0.058824 0.031863
0 0.478034 0.099877 0.067014 0.026961
0 0.552494 0.107537 0.057334 0.026961
0 0.633098 0.105545 0.051005 0.027880
0 0.720774 0.110754 0.055845 0.025429
0 0.798399 0.103094 0.059196 0.022978
0 0.892964 0.106158 0.071109 0.026654
0 0.135145 0.134957 0.057334 0.025429
0 0.218168 0.140012 0.068503 0.025735
0 0.312174 0.144455 0.063663 0.024203
0 0.387937 0.148438 0.072971 0.024203
0 0.478779 0.148897 0.068503 0.028186
0 0.564036 0.150276 0.052867 0.033395
0 0.640916 0.154718 0.060685 0.024510
0 0.722450 0.154718 0.062174 0.024510
0 0.800819 0.150888 0.054356 0.026654
0 0.888310 0.147059 0.068503 0.031863
0 0.146687 0.176471 0.055845 0.026961
0 0.228965 0.178922 0.052867 0.018995
0 0.318131 0.181526 0.066642 0.026654
0 0.402085 0.187347 0.054356 0.022978
0 0.485853 0.185355 0.051378 0.029412
0 0.552494 0.189185 0.054356 0.021752
0 0.636262 0.193015 0.051378 0.021446
0 0.712956 0.192402 0.058824 0.025735
0 0.803797 0.189798 0.067014 0.022978
0 0.885145 0.189798 0.049516 0.027880
0 0.130491 0.219210 0.063663 0.027880
0 0.212025 0.219822 0.062174 0.029105
0 0.298958 0.223039 0.055845 0.030637
0 0.380305 0.226869 0.063663 0.025429
0 0.472450 0.230086 0.055845 0.029412
0 0.547841 0.233303 0.060685 0.025429
0 0.633098 0.234528 0.060685 0.025429
0 0.709978 0.236366 0.055845 0.026654
0 0.800633 0.233762 0.060685 0.029412
0 0.879747 0.234528 0.054356 0.027880
0 0.129747 0.260723 0.059196 0.026961
0 0.216679 0.261336 0.058824 0.030637
0 0.292628 0.260110 0.052867 0.028186
0 0.381794 0.266391 0.063663 0.025429
0 0.478034 0.268995 0.069993 0.028186
0 0.567200 0.276654 0.059196 0.028186
0 0.640916 0.274816 0.060685 0.029412
0 0.728407 0.273438 0.065153 0.032169
0 0.824832 0.284926 0.068131 0.029412
0 0.916977 0.276042 0.069993 0.034314
0 0.142964 0.307904 0.069993 0.036765
0 0.228220 0.306679 0.075949 0.026961
0 0.317386 0.311121 0.068131 0.025429
0 0.395942 0.312347 0.066642 0.025429
0 0.486597 0.309130 0.061802 0.031863
0 0.568876 0.318168 0.052867 0.024203
0 0.652643 0.315564 0.055845 0.024510
0 0.723194 0.327053 0.060685 0.024203
0 0.810685 0.328431 0.049516 0.031863
0 0.910089 0.328278 0.062174 0.026654
0 0.141474 0.354473 0.054356 0.033088
3 0.792815 0.948683 0.066642 0.057292
