0 0.116436 0.028124 0.061782 0.028124
0 0.196436 0.036433 0.069703 0.029402
0 0.286733 0.035155 0.063366 0.026846
0 0.384158 0.040268 0.061782 0.026846
0 0.469703 0.037712 0.061782 0.031959
0 0.548119 0.047299 0.057030 0.028124
0 0.632079 0.045382 0.069703 0.029402
0 0.706535 0.041547 0.063366 0.029402
0 0.803960 0.042825 0.064950 0.024289
0 0.879208 0.034516 0.063366 0.028124
0 0.116436 0.072867 0.061782 0.020454
0 0.209901 0.072867 0.061782 0.025567
0 0.290693 0.073506 0.061782 0.024289
0 0.375446 0.083733 0.063366 0.026846
0 0.459406 0.085011 0.063366 0.026846
0 0.553663 0.086929 0.058614 0.025567
0 0.629703 0.086929 0.055446 0.025567
0 0.707327 0.089485 0.071287 0.023011
0 0.802376 0.087568 0.068119 0.031959
0 0.888713 0.085650 0.053861 0.023011
0 0.116436 0.111857 0.061782 0.024289
0 0.194851 0.116331 0.060198 0.030681
0 0.293861 0.120805 0.058614 0.026846
0 0.373069 0.125919 0.058614 0.021732
0 0.467327 0.129754 0.053861 0.026846
0 0.552079 0.129115 0.071287 0.023011
0 0.637624 0.127197 0.058614 0.019175
0 0.716040 0.131032 0.057030 0.026846
0 0.788911 0.127197 0.060198 0.024289
0 0.883960 0.129754 0.053861 0.026846
0 0.120396 0.159795 0.063366 0.023011
0 0.211485 0.165548 0.068119 0.026846
0 0.295446 0.162352 0.064950 0.025567
0 0.388119 0.158517 0.066535 0.025567
0 0.466535 0.161713 0.058614 0.026846
0 0.549703 0.167466 0.060198 0.028124
0 0.647921 0.170022 0.066535 0.028124
0 0.723960 0.168105 0.053861 0.026846
0 0.809505 0.166826 0.057030 0.021732
0 0.878416 0.170022 0.068119 0.030681
0 0.125149 0.209012 0.063366 0.024289
0 0.205149 0.202621 0.071287 0.026846
0 0.294653 0.210291 0.076040 0.024289
0 0.373069 0.210930 0.064950 0.023011
0 0.463366 0.212848 0.064950 0.029402
0 0.556040 0.207095 0.057030 0.025567
0 0.639208 0.214765 0.058614 0.025567
0 0.727921 0.209012 0.055446 0.029402
0 0.804752 0.206456 0.072871 0.026846
0 0.889505 0.210291 0.052277 0.026846
0 0.118020 0.246085 0.061782 0.029402
0 0.204356 0.249920 0.060198 0.019175
0 0.290693 0.249281 0.058614 0.030681
0 0.382574 0.250559 0.064950 0.025567
0 0.466535 0.256312 0.055446 0.019175
0 0.556832 0.251198 0.058614 0.029402
0 0.640792 0.253116 0.049109 0.025567
0 0.723168 0.251838 0.061782 0.028124
0 0.807921 0.254394 0.060198 0.023011
0 0.901386 0.250559 0.060198 0.025567
0 0.116436 0.294024 0.061782 0.020454
0 0.200396 0.291467 0.071287 0.023011
0 0.286733 0.288910 0.069703 0.028124
0 0.384158 0.295941 0.052277 0.021732
0 0.473663 0.295302 0.066535 0.023011
0 0.549703 0.296580 0.057030 0.025567
0 0.636832 0.299776 0.063366 0.019175
0 0.723960 0.299137 0.063366 0.023011
0 0.811881 0.302333 0.058614 0.019175
0 0.897426 0.297859 0.064950 0.025567
0 0.120396 0.341962 0.047525 0.037073
0 0.189307 0.338127 0.055446 0.026846
0 0.284356 0.336210 0.064950 0.028124
0 0.373069 0.343880 0.071287 0.025567
0 0.475248 0.341962 0.057030 0.024289
0 0.543366 0.341962 0.060198 0.026846
0 0.638416 0.339406 0.060198 0.024289
0 0.719208 0.337488 0.057030 0.025567
0 0.816634 0.337488 0.074455 0.023011
0 0.895842 0.343241 0.055446 0.026846
0 0.121188 0.385427 0.052277 0.026846
0 0.219406 0.380313 0.068119 0.021732
0 0.299406 0.379035 0.066535 0.024289
3 0.782574 0.937041 0.088713 0.053691
