0 0.121321 0.045101 0.058870 0.028616
0 0.205648 0.046967 0.062053 0.024883
0 0.294749 0.053188 0.065235 0.024883
0 0.384646 0.056921 0.073190 0.022395
0 0.472951 0.051944 0.074781 0.027372
0 0.558870 0.059409 0.068417 0.019907
0 0.631265 0.057543 0.063644 0.028616
0 0.717184 0.056921 0.063644 0.027372
0 0.811058 0.053810 0.057279 0.023639
0 0.889817 0.053188 0.062053 0.027372
0 0.108592 0.086159 0.062053 0.033593
0 0.204057 0.091757 0.065235 0.019907
0 0.283612 0.094246 0.071599 0.034837
0 0.374304 0.095490 0.062053 0.027372
0 0.463405 0.097356 0.058870 0.031104
0 0.552506 0.097356 0.058870 0.023639
0 0.634447 0.101089 0.066826 0.026128
0 0.721957 0.095490 0.063644 0.029860
0 0.811058 0.097356 0.060461 0.023639
0 0.892999 0.092379 0.071599 0.031104
0 0.109387 0.130949 0.066826 0.031104
0 0.196897 0.129082 0.057279 0.024883
0 0.283612 0.134059 0.058870 0.019907
0 0.381464 0.136547 0.066826 0.024883
0 0.462609 0.136547 0.063644 0.024883
0 0.544551 0.137792 0.068417 0.034837
0 0.637629 0.140280 0.057279 0.022395
0 0.719570 0.142146 0.077963 0.028616
0 0.808671 0.139036 0.068417 0.024883
3 0.764916 0.941524 0.095465 0.059720
