0 0.123028 0.038797 0.070978 0.034918
0 0.216877 0.053023 0.066246 0.034918
0 0.294164 0.052376 0.066246 0.038797
0 0.389590 0.064662 0.070978 0.029745
0 0.477129 0.065955 0.059937 0.032331
0 0.566246 0.065309 0.052050 0.031038
0 0.653785 0.064016 0.069401 0.031038
0 0.742902 0.069835 0.064669 0.021985
0 0.821767 0.069188 0.067823 0.028451
0 0.906151 0.070482 0.063091 0.023278
0 0.119874 0.091174 0.061514 0.023278
0 0.212934 0.099580 0.067823 0.029745
0 0.297319 0.098286 0.069401 0.029745
0 0.380915 0.107339 0.072555 0.021985
0 0.473186 0.109279 0.061514 0.031038
0 0.567823 0.104753 0.061514 0.032331
0 0.651420 0.109279 0.052050 0.025865
0 0.723186 0.113805 0.059937 0.027158
0 0.815457 0.115099 0.067823 0.021985
0 0.906151 0.119625 0.072555 0.025865
0 0.115931 0.142903 0.066246 0.031038
0 0.208202 0.145490 0.067823 0.033624
0 0.305994 0.144843 0.064669 0.034918
0 0.380126 0.151309 0.061514 0.029745
0 0.471609 0.155189 0.067823 0.029745
0 0.564669 0.156482 0.070978 0.029745
0 0.643533 0.162949 0.067823 0.027158
0 0.726341 0.158422 0.072555 0.028451
0 0.810726 0.157129 0.064669 0.025865
0 0.900631 0.159069 0.061514 0.032331
0 0.124606 0.188167 0.067823 0.031038
0 0.210568 0.192047 0.059937 0.025865
0 0.302839 0.199159 0.064669 0.029745
0 0.384069 0.195926 0.066246 0.023278
0 0.476341 0.199806 0.067823 0.028451
0 0.553628 0.203039 0.064669 0.032331
0 0.646688 0.203039 0.067823 0.024572
0 0.728707 0.208859 0.064669 0.031038
0 0.812303 0.204332 0.061514 0.029745
0 0.898265 0.199806 0.059937 0.028451
0 0.123028 0.232784 0.077287 0.024572
0 0.212145 0.237957 0.066246 0.024572
0 0.309148 0.237957 0.058360 0.032331
0 0.392744 0.242483 0.055205 0.033624
0 0.481073 0.240543 0.064669 0.024572
0 0.562303 0.247009 0.059937 0.024572
0 0.639590 0.251536 0.066246 0.025865
0 0.731861 0.250889 0.058360 0.027158
0 0.810726 0.245716 0.067823 0.024572
0 0.899054 0.242483 0.064669 0.023278
0 0.123028 0.275461 0.064669 0.027158
0 0.209779 0.279987 0.067823 0.036211
0 0.303628 0.279987 0.056782 0.036211
0 0.388013 0.283867 0.070978 0.025865
0 0.480284 0.290333 0.066246 0.036211
0 0.570978 0.285160 0.061514 0.033624
0 0.645899 0.284513 0.059937 0.027158
0 0.734227 0.291626 0.056782 0.033624
0 0.821767 0.288393 0.070978 0.024572
0 0.892744 0.287100 0.061514 0.027158
0 0.130126 0.325251 0.072555 0.028451
0 0.207413 0.327190 0.075710 0.029745
0 0.300473 0.325897 0.066246 0.029745
0 0.379338 0.329777 0.072555 0.024572
0 0.477918 0.336890 0.067823 0.025865
0 0.556782 0.329130 0.067823 0.033624
0 0.651420 0.333010 0.058360 0.031038
0 0.735016 0.334950 0.067823 0.029745
0 0.821767 0.331717 0.061514 0.025865
0 0.903785 0.337536 0.067823 0.032331
0 0.114353 0.373101 0.069401 0.031038
0 0.197161 0.373101 0.064669 0.031038
0 0.290221 0.370514 0.061514 0.025865
0 0.384858 0.375687 0.064669 0.033624
0 0.481861 0.377627 0.066246 0.029745
0 0.560726 0.382800 0.059937 0.029745
0 0.649842 0.378920 0.070978 0.027158
0 0.733438 0.384093 0.055205 0.021985
0 0.824132 0.375687 0.056782 0.031038
0 0.902997 0.382800 0.066246 0.037504
0 0.124606 0.421597 0.070978 0.021985
0 0.205047 0.424184 0.070978 0.032331
0 0.287855 0.426770 0.059937 0.027158
0 0.382492 0.418364 0.063091 0.031038
0 0.468454 0.419657 0.067823 0.031038
0 0.555994 0.420304 0.069401 0.032331
0 0.638013 0.424184 0.075710 0.032331
0 0.734227 0.427417 0.066246 0.031038
0 0.808360 0.428710 0.082019 0.033624
0 0.903785 0.430003 0.061514 0.031038
0 0.120662 0.459748 0.069401 0.028451
0 0.215300 0.463628 0.072555 0.028451
0 0.296530 0.465567 0.061514 0.032331
0 0.375394 0.463628 0.070978 0.033624
0 0.482650 0.468801 0.074132 0.033624
0 0.570189 0.466214 0.063091 0.025865
0 0.649842 0.466214 0.064669 0.023278
0 0.726341 0.468154 0.063091 0.027158
0 0.814669 0.468154 0.063091 0.027158
0 0.906151 0.470740 0.069401 0.024572
0 0.124606 0.505011 0.070978 0.028451
0 0.208991 0.506951 0.063091 0.032331
0 0.301262 0.505658 0.058360 0.027158
0 0.384069 0.510184 0.059937 0.028451
0 0.468454 0.509538 0.064669 0.029745
0 0.561514 0.514711 0.058360 0.032331
0 0.651420 0.514064 0.061514 0.033624
0 0.728707 0.510831 0.064669 0.027158
0 0.810726 0.512771 0.067823 0.025865
0 0.910095 0.510831 0.067823 0.029745
0 0.113565 0.560621 0.061514 0.025865
0 0.203470 0.556094 0.067823 0.029745
0 0.297319 0.564500 0.072555 0.031038
0 0.379338 0.554801 0.059937 0.029745
0 0.482650 0.554801 0.064669 0.024572
0 0.556782 0.558034 0.067823 0.031038
0 0.654574 0.558034 0.061514 0.036211
0 0.736593 0.555448 0.058360 0.031038
0 0.816246 0.553508 0.056782 0.029745
0 0.910095 0.555448 0.061514 0.031038
0 0.111987 0.605884 0.070978 0.025865
0 0.200315 0.605884 0.064669 0.023278
0 0.288644 0.603298 0.064669 0.036211
0 0.373028 0.605884 0.063091 0.025865
0 0.470820 0.603944 0.066246 0.029745
0 0.558360 0.601358 0.064669 0.027158
0 0.640379 0.602005 0.061514 0.028451
0 0.729495 0.600065 0.066246 0.027158
0 0.824921 0.598771 0.064669 0.029745
0 0.907729 0.602651 0.066246 0.032331
0 0.105678 0.655674 0.061514 0.042677
0 0.201893 0.649208 0.064669 0.029745
0 0.295741 0.647915 0.056782 0.040091
0 0.384069 0.643388 0.069401 0.033624
0 0.477129 0.651148 0.069401 0.020692
0 0.560726 0.649208 0.069401 0.027158
0 0.656151 0.649208 0.061514 0.029745
0 0.721609 0.650501 0.059937 0.029745
0 0.803628 0.647915 0.069401 0.024572
3 0.787066 0.958940 0.137224 0.051730
