0 0.161307 0.050471 0.053825 0.030404
0 0.233751 0.049255 0.053825 0.035877
0 0.305179 0.054728 0.055179 0.030404
0 0.387441 0.052600 0.053825 0.029188
0 0.466655 0.055336 0.058565 0.026148
0 0.545193 0.059441 0.055179 0.017939
0 0.614590 0.057464 0.058565 0.024932
0 0.691435 0.054728 0.070752 0.019459
0 0.769804 0.050623 0.055518 0.027668
0 0.846141 0.054728 0.053825 0.021891
0 0.156737 0.090605 0.056872 0.030404
0 0.230535 0.092125 0.056872 0.024932
0 0.308226 0.096230 0.058565 0.027668
0 0.388287 0.094862 0.058226 0.030404
0 0.467671 0.098206 0.053825 0.023715
0 0.544516 0.098814 0.063304 0.024932
0 0.623053 0.100943 0.047732 0.026148
0 0.695159 0.095470 0.053825 0.020675
0 0.770650 0.093493 0.059919 0.027668
0 0.851557 0.095470 0.064658 0.023715
0 0.143703 0.134235 0.052471 0.023411
0 0.232058 0.138340 0.059919 0.020675
0 0.308395 0.136212 0.061611 0.021891
0 0.390487 0.141684 0.059919 0.019459
0 0.464455 0.140468 0.060257 0.024932
0 0.535884 0.139708 0.067705 0.023411
0 0.619160 0.141684 0.055518 0.019459
0 0.699898 0.141076 0.057211 0.018243
0 0.776066 0.139708 0.061273 0.020979
0 0.853758 0.136212 0.060257 0.021891
3 0.782160 0.949529 0.070752 0.062025
