0 0.134280 0.045568 0.063258 0.024572
0 0.222727 0.049456 0.056818 0.027372
0 0.303409 0.052100 0.056818 0.024572
0 0.393182 0.055988 0.062879 0.024883
0 0.467424 0.062519 0.069697 0.027372
0 0.559659 0.065163 0.067803 0.022084
0 0.636364 0.065630 0.059848 0.028616
0 0.718371 0.068896 0.066288 0.022084
0 0.804356 0.069518 0.061742 0.025816
0 0.879356 0.070762 0.063258 0.023328
0 0.125568 0.086470 0.067803 0.026128
0 0.220455 0.093468 0.074242 0.024572
0 0.298485 0.094868 0.059848 0.024883
0 0.401894 0.098756 0.052273 0.027061
0 0.472917 0.103266 0.061742 0.028616
0 0.551705 0.102644 0.064773 0.021773
0 0.644129 0.109176 0.053409 0.029860
0 0.717424 0.107154 0.058333 0.023328
0 0.795644 0.110420 0.060227 0.021773
0 0.877652 0.114930 0.072727 0.025816
0 0.135227 0.127216 0.071212 0.019285
0 0.216477 0.134370 0.053409 0.026128
0 0.297727 0.133748 0.061364 0.027372
0 0.394697 0.142768 0.056818 0.029860
0 0.473674 0.144790 0.063258 0.023328
0 0.555871 0.145412 0.066288 0.029549
0 0.641098 0.149300 0.063258 0.024883
0 0.717424 0.157854 0.055303 0.023328
0 0.804356 0.151322 0.054924 0.025816
0 0.878409 0.155054 0.058333 0.020840
0 0.139205 0.173250 0.063258 0.026128
0 0.217235 0.172628 0.051894 0.029860
0 0.296023 0.181804 0.067803 0.024572
0 0.373485 0.183048 0.052273 0.024572
0 0.470644 0.184914 0.063258 0.025816
0 0.546402 0.186781 0.047348 0.024572
0 0.635606 0.187558 0.055303 0.020529
0 0.716667 0.190202 0.059848 0.025816
0 0.789962 0.194712 0.051894 0.027372
0 0.870644 0.200467 0.061742 0.025816
0 0.135985 0.213997 0.059848 0.029860
0 0.225947 0.216641 0.066288 0.027061
0 0.309470 0.228927 0.056818 0.028616
0 0.375000 0.225816 0.071212 0.029860
0 0.465720 0.227061 0.069318 0.024883
0 0.537500 0.226439 0.055303 0.020529
0 0.630682 0.230327 0.055303 0.018351
0 0.710417 0.232193 0.053409 0.024572
0 0.789394 0.237481 0.053788 0.022084
0 0.872917 0.235459 0.066288 0.018040
0 0.136742 0.256143 0.064394 0.025816
0 0.214015 0.259565 0.061364 0.024572
0 0.294508 0.263453 0.051894 0.029860
0 0.383712 0.267341 0.069697 0.024572
0 0.480114 0.266719 0.063258 0.023328
0 0.544697 0.268585 0.059848 0.024572
0 0.641856 0.280249 0.070833 0.029860
0 0.708902 0.274495 0.060227 0.023328
0 0.794129 0.280093 0.066288 0.022084
0 0.873674 0.278227 0.064773 0.023328
0 0.130303 0.308709 0.077273 0.027061
0 0.225189 0.308087 0.064773 0.028305
0 0.300758 0.311975 0.058333 0.031104
0 0.381439 0.308709 0.058333 0.024572
0 0.475947 0.311198 0.064773 0.022084
0 0.550379 0.315863 0.074242 0.025816
0 0.636364 0.315863 0.072727 0.028305
0 0.721402 0.316485 0.063258 0.027061
0 0.799621 0.323017 0.064394 0.027061
0 0.878598 0.320373 0.064773 0.024883
0 0.132008 0.349456 0.073864 0.025816
0 0.221212 0.350233 0.053788 0.027372
0 0.296970 0.348834 0.069697 0.027061
0 0.375189 0.353966 0.067803 0.032348
0 0.465909 0.359876 0.059848 0.031104
0 0.555871 0.358009 0.066288 0.029860
0 0.640341 0.355988 0.067803 0.025816
0 0.725379 0.359253 0.061364 0.024883
0 0.805871 0.355365 0.042803 0.024572
0 0.878598 0.363142 0.061742 0.022084
0 0.132008 0.394868 0.061742 0.023328
0 0.215720 0.395645 0.070833 0.032348
0 0.307197 0.399378 0.064394 0.029860
0 0.395644 0.397512 0.067803 0.026128
0 0.478409 0.399067 0.050758 0.029860
0 0.550189 0.402644 0.067803 0.023328
0 0.644129 0.403888 0.060227 0.023328
0 0.731629 0.408398 0.064773 0.029860
0 0.811553 0.405910 0.063258 0.027372
0 0.889583 0.409176 0.064773 0.025816
0 0.120076 0.442146 0.075758 0.027061
0 0.214394 0.446812 0.059848 0.032659
0 0.299621 0.442302 0.062879 0.031104
0 0.391098 0.439036 0.066288 0.032659
0 0.466856 0.444168 0.063258 0.027372
0 0.560038 0.444323 0.066288 0.024572
0 0.649242 0.446190 0.055303 0.028305
0 0.726515 0.448056 0.058333 0.024572
0 0.808523 0.445568 0.067803 0.024572
0 0.905682 0.457854 0.059848 0.026128
0 0.125189 0.486314 0.064773 0.028305
0 0.212879 0.488958 0.072727 0.028616
0 0.303598 0.485692 0.064773 0.029549
0 0.398106 0.491446 0.055303 0.031104
0 0.478030 0.491446 0.053788 0.033593
0 0.564015 0.490980 0.052273 0.024572
0 0.651515 0.494712 0.050758 0.027061
0 0.735227 0.494712 0.059848 0.027061
0 0.809280 0.490824 0.066288 0.027372
0 0.899432 0.496112 0.063258 0.029860
0 0.115720 0.532348 0.064773 0.029549
0 0.224621 0.530949 0.080303 0.029860
0 0.312311 0.531104 0.066288 0.027061
0 0.391856 0.535614 0.051894 0.026128
0 0.483712 0.544012 0.071212 0.029860
0 0.563826 0.537481 0.064773 0.027372
0 0.650758 0.542146 0.055303 0.028616
0 0.728977 0.537481 0.063258 0.029860
0 0.812500 0.540124 0.069697 0.027061
0 0.901894 0.543857 0.061364 0.022084
0 0.107765 0.582893 0.070833 0.029860
0 0.208902 0.578383 0.067803 0.028305
0 0.301894 0.582893 0.052273 0.029860
0 0.380114 0.582893 0.060227 0.029860
0 0.468561 0.582271 0.059848 0.028616
0 0.570265 0.585381 0.058712 0.029860
0 0.648485 0.582271 0.059848 0.033593
0 0.737500 0.589425 0.052273 0.032348
0 0.807008 0.584292 0.061742 0.024572
0 0.893750 0.584137 0.067803 0.029860
0 0.110985 0.628927 0.074242 0.020529
0 0.208144 0.628771 0.066288 0.023328
0 0.296402 0.632815 0.060227 0.023328
0 0.387311 0.631571 0.067803 0.023328
0 0.479545 0.631415 0.053788 0.028616
0 0.567235 0.629549 0.064773 0.024883
0 0.656439 0.633437 0.056818 0.024572
0 0.733523 0.632193 0.063258 0.024572
0 0.814962 0.630171 0.051894 0.026128
0 0.891288 0.631571 0.056818 0.023328
0 0.116477 0.678072 0.066288 0.028616
0 0.200947 0.678849 0.051894 0.024572
0 0.294129 0.679471 0.061742 0.025816
0 0.375189 0.682115 0.066288 0.028616
0 0.479545 0.677449 0.075758 0.029860
0 0.563068 0.676827 0.066288 0.028616
0 0.638068 0.683981 0.064773 0.029860
0 0.735227 0.681337 0.062879 0.024572
0 0.817424 0.684759 0.056818 0.023328
0 0.894508 0.683981 0.066288 0.024883
0 0.104735 0.729393 0.064773 0.032348
0 0.196970 0.727372 0.059848 0.025816
0 0.293371 0.724883 0.069318 0.023328
3 0.759659 0.942613 0.105682 0.056921
