0 0.146870 0.046870 0.063725 0.022982
0 0.231146 0.050953 0.061086 0.026913
0 0.314480 0.055186 0.061086 0.026913
0 0.397813 0.056244 0.055807 0.027215
0 0.480958 0.061990 0.050905 0.030239
0 0.565611 0.063502 0.061086 0.027215
0 0.644042 0.068642 0.057315 0.027215
0 0.722097 0.070759 0.057315 0.024796
0 0.802036 0.078016 0.053544 0.031448
0 0.892534 0.074388 0.057315 0.026005
0 0.140837 0.086030 0.059955 0.032356
0 0.221531 0.090565 0.065234 0.029332
0 0.308069 0.092229 0.055807 0.030239
0 0.395739 0.097974 0.062217 0.027215
0 0.488122 0.102056 0.062217 0.026913
0 0.560897 0.103568 0.067496 0.028122
0 0.642911 0.105836 0.052036 0.030239
0 0.722097 0.114605 0.059578 0.029029
0 0.806750 0.111430 0.067496 0.026913
0 0.889706 0.115059 0.054676 0.028122
0 0.132541 0.128666 0.063725 0.026308
0 0.226056 0.134412 0.071267 0.026913
0 0.316365 0.137436 0.064857 0.029332
0 0.401584 0.140611 0.066365 0.022982
0 0.482089 0.145449 0.058446 0.026005
0 0.566176 0.145903 0.062217 0.026913
0 0.652526 0.148473 0.058446 0.026005
0 0.729261 0.151497 0.068627 0.026005
0 0.812406 0.152555 0.053167 0.028122
0 0.894985 0.155277 0.062217 0.025098
0 0.130468 0.170850 0.062594 0.029029
0 0.226056 0.174478 0.065988 0.021772
0 0.315799 0.175083 0.063725 0.029029
0 0.395173 0.177653 0.061086 0.028122
0 0.480958 0.185969 0.063725 0.026005
3 0.785256 0.934684 0.123303 0.082250
