0 0.111492 0.043289 0.064688 0.033151
0 0.204718 0.043772 0.062405 0.032185
0 0.288813 0.044899 0.066210 0.028001
0 0.369863 0.052784 0.066210 0.028967
0 0.447679 0.052623 0.065068 0.033151
0 0.544711 0.060026 0.074962 0.024783
0 0.625190 0.060991 0.061644 0.024783
0 0.699391 0.056968 0.060122 0.027036
0 0.784817 0.065819 0.056697 0.026070
0 0.867009 0.070808 0.056697 0.023817
0 0.112633 0.087061 0.060122 0.024783
0 0.198630 0.092694 0.060122 0.025748
0 0.280251 0.093820 0.056697 0.028001
0 0.367960 0.095269 0.060122 0.025105
0 0.457002 0.096395 0.056317 0.029289
0 0.539954 0.101545 0.062405 0.026714
0 0.628234 0.105729 0.060122 0.024783
0 0.704338 0.106212 0.057839 0.025748
0 0.783486 0.110879 0.066210 0.024783
0 0.871956 0.110396 0.063546 0.021886
0 0.117770 0.133730 0.065068 0.024783
0 0.206050 0.135822 0.067352 0.028967
0 0.296233 0.140972 0.061263 0.025105
0 0.380327 0.138880 0.057458 0.022852
0 0.457002 0.144030 0.054033 0.024783
0 0.542237 0.146604 0.057839 0.028001
0 0.626522 0.149823 0.058980 0.024139
0 0.700533 0.148214 0.060122 0.024783
0 0.794711 0.154973 0.058980 0.034438
0 0.867009 0.150306 0.053653 0.028967
0 0.119482 0.179916 0.063927 0.028323
0 0.203006 0.185710 0.058980 0.027036
0 0.287671 0.184583 0.063927 0.024783
0 0.374049 0.185710 0.060122 0.027036
0 0.453387 0.185549 0.061263 0.024783
0 0.544711 0.190377 0.055175 0.026070
0 0.617199 0.195526 0.062405 0.024139
0 0.706811 0.191342 0.067352 0.024139
0 0.789003 0.194561 0.055175 0.028001
0 0.871956 0.194078 0.061263 0.027036
0 0.109018 0.225620 0.062785 0.030254
0 0.207192 0.225620 0.055175 0.028323
0 0.283295 0.229643 0.057458 0.028001
0 0.363775 0.232379 0.054033 0.027036
0 0.458904 0.230930 0.057839 0.028001
0 0.533676 0.235919 0.057458 0.023817
0 0.620244 0.236402 0.063927 0.022852
0 0.699391 0.232861 0.057839 0.026070
0 0.785959 0.237045 0.066591 0.024139
0 0.873858 0.238655 0.067352 0.024783
0 0.103501 0.268748 0.063927 0.027036
0 0.204148 0.267621 0.061263 0.033151
0 0.282154 0.273415 0.050609 0.029932
0 0.366058 0.272449 0.063927 0.028001
0 0.457572 0.273254 0.057458 0.023817
0 0.538623 0.276472 0.057458 0.032185
0 0.618531 0.277116 0.062785 0.027036
0 0.709285 0.279530 0.060122 0.029932
3 0.763318 0.952848 0.099696 0.060187
