0 0.142722 0.041063 0.065406 0.033213
0 0.234026 0.046800 0.059735 0.024155
0 0.318715 0.048913 0.062760 0.025966
0 0.412098 0.054650 0.066541 0.027174
0 0.490926 0.058877 0.067675 0.022947
0 0.570888 0.062953 0.055955 0.029287
0 0.641966 0.062500 0.065028 0.021739
0 0.735917 0.072917 0.070699 0.013587
0 0.825142 0.070803 0.053308 0.032307
0 0.894140 0.074879 0.048393 0.028382
0 0.139509 0.086957 0.061248 0.027174
0 0.230057 0.090127 0.060113 0.020833
0 0.320794 0.092240 0.058601 0.020833
0 0.402268 0.092089 0.052174 0.022947
0 0.488847 0.101902 0.066541 0.023853
0 0.573724 0.101902 0.053308 0.023853
0 0.655009 0.103110 0.067675 0.023853
0 0.734026 0.107186 0.051040 0.025966
0 0.814934 0.111262 0.063894 0.023853
0 0.903403 0.119263 0.063894 0.022947
0 0.140643 0.127566 0.061248 0.025060
0 0.234026 0.132699 0.070321 0.026872
0 0.319471 0.131643 0.050662 0.035628
0 0.405482 0.138436 0.058601 0.023853
0 0.484877 0.139342 0.063894 0.028080
0 0.564461 0.142512 0.074102 0.025966
0 0.649905 0.144626 0.057467 0.025966
0 0.729490 0.147796 0.062382 0.023853
0 0.822684 0.148249 0.055955 0.022947
0 0.896786 0.153080 0.061248 0.025966
0 0.142155 0.169082 0.061248 0.033213
0 0.226843 0.171196 0.055955 0.022947
0 0.320605 0.171649 0.066541 0.028080
0 0.400189 0.179046 0.048015 0.028382
0 0.484877 0.179952 0.069187 0.030193
0 0.572401 0.182216 0.061248 0.019626
0 0.661059 0.190368 0.063894 0.028080
0 0.737240 0.187349 0.049905 0.028080
0 0.817391 0.190519 0.055955 0.025966
0 0.902836 0.195652 0.054442 0.024155
0 0.136295 0.211806 0.054820 0.031099
0 0.132325 0.249396 0.052174 0.027174
0 0.136295 0.295743 0.049527 0.032307
0 0.131758 0.341938 0.063894 0.025060
0 0.125331 0.381492 0.063894 0.025060
0 0.123251 0.426329 0.070321 0.033213
0 0.111531 0.472675 0.070321 0.028080
0 0.121361 0.518418 0.071834 0.036232
0 0.120605 0.567331 0.073346 0.030193
0 0.111342 0.616244 0.067675 0.025966
0 0.097732 0.674064 0.082042 0.039553
0 0.107372 0.722524 0.075614 0.030193
0 0.097732 0.770380 0.071456 0.034118
0 0.097164 0.825030 0.068053 0.026872
0 0.097732 0.862621 0.082042 0.033213
0 0.093951 0.922403 0.069187 0.028382
0 0.226087 0.211202 0.057467 0.032307
0 0.227599 0.252415 0.070321 0.027174
0 0.222306 0.299215 0.059735 0.022947
0 0.225520 0.341486 0.066163 0.025966
0 0.215690 0.388889 0.054820 0.033213
0 0.220983 0.431914 0.062382 0.028080
0 0.210586 0.469505 0.062760 0.032005
0 0.217013 0.524155 0.057467 0.027174
0 0.215690 0.571105 0.067675 0.029287
0 0.198299 0.619565 0.058601 0.030193
0 0.198866 0.667874 0.065028 0.028986
0 0.189603 0.715127 0.067675 0.036534
0 0.199622 0.761021 0.066541 0.036534
0 0.193573 0.815670 0.068053 0.026872
0 0.193006 0.864583 0.071456 0.035326
0 0.184499 0.916214 0.062760 0.038345
0 0.317391 0.211806 0.060113 0.026872
0 0.320605 0.253472 0.055955 0.025060
0 0.304915 0.302838 0.063894 0.025966
0 0.306427 0.342995 0.071456 0.027174
0 0.312287 0.384209 0.070321 0.028080
0 0.311531 0.429499 0.066541 0.029287
0 0.315501 0.479469 0.066163 0.027174
0 0.305860 0.522494 0.070321 0.028080
0 0.310208 0.573068 0.063894 0.031401
0 0.300567 0.614734 0.070321 0.022947
0 0.301323 0.666214 0.061248 0.032307
0 0.287524 0.714674 0.067675 0.031401
0 0.289981 0.766757 0.065028 0.031099
0 0.299055 0.812047 0.070321 0.032307
0 0.281664 0.862621 0.071834 0.037440
0 0.285255 0.916667 0.069187 0.037440
0 0.404159 0.220109 0.058979 0.028986
0 0.401512 0.257548 0.061248 0.022947
0 0.404915 0.304952 0.057467 0.030193
0 0.407372 0.346165 0.060113 0.026872
0 0.398299 0.383001 0.062382 0.028080
0 0.391682 0.434632 0.057467 0.029287
0 0.406805 0.477355 0.066541 0.024758
0 0.399433 0.525211 0.072968 0.031099
0 0.397543 0.570048 0.058601 0.022947
0 0.384121 0.620471 0.075614 0.032005
0 0.389981 0.665157 0.063894 0.025966
0 0.384499 0.714674 0.066541 0.031401
0 0.384121 0.764040 0.075614 0.032307
0 0.383932 0.814161 0.072968 0.026268
0 0.380718 0.871981 0.066541 0.033213
0 0.386011 0.914100 0.061248 0.036534
0 0.487524 0.219203 0.058601 0.027174
0 0.488280 0.260266 0.065406 0.025966
0 0.486200 0.310236 0.055955 0.032307
0 0.491493 0.347071 0.058979 0.025060
0 0.487524 0.386322 0.063894 0.032307
0 0.481096 0.436292 0.063894 0.030193
0 0.496030 0.476298 0.062760 0.026872
0 0.488280 0.526268 0.062382 0.033213
0 0.489603 0.565821 0.062760 0.028986
0 0.477127 0.614130 0.055955 0.025966
0 0.478450 0.664251 0.061626 0.025966
0 0.480529 0.717240 0.057467 0.032307
0 0.477127 0.763587 0.066541 0.028986
0 0.477883 0.817180 0.062760 0.028080
0 0.472590 0.864130 0.065028 0.030193
0 0.481664 0.921800 0.052174 0.037440
0 0.574291 0.222675 0.057467 0.023853
0 0.574291 0.261322 0.059735 0.028080
0 0.575614 0.307216 0.057089 0.028080
0 0.570888 0.348732 0.061248 0.019928
0 0.572212 0.391455 0.053308 0.023853
0 0.575047 0.428895 0.055955 0.023853
0 0.576938 0.479469 0.062760 0.031401
0 0.573535 0.522645 0.061248 0.021739
0 0.575614 0.566274 0.062382 0.028080
0 0.560491 0.618357 0.058601 0.024155
0 0.576181 0.667874 0.061248 0.027174
0 0.572968 0.711655 0.062382 0.027174
0 0.572401 0.753170 0.066541 0.029287
0 0.570888 0.804197 0.061248 0.029287
0 0.568242 0.869414 0.061248 0.036534
0 0.575614 0.916214 0.057089 0.038345
0 0.657089 0.227959 0.050662 0.025966
0 0.654442 0.265550 0.058979 0.023853
0 0.656522 0.307065 0.049527 0.030193
0 0.654442 0.349185 0.074102 0.025060
0 0.657089 0.391908 0.058979 0.022947
0 0.664272 0.434028 0.059735 0.023853
0 0.661059 0.474185 0.063894 0.031099
0 0.664839 0.523098 0.063894 0.026872
0 0.665406 0.570501 0.052174 0.032307
0 0.662949 0.622585 0.065406 0.025966
0 0.656333 0.667723 0.057467 0.039553
0 0.670888 0.708333 0.078261 0.041667
0 0.662382 0.762077 0.055955 0.038647
0 0.657656 0.811594 0.065406 0.031401
0 0.650662 0.865187 0.055955 0.036534
0 0.665406 0.913043 0.052174 0.030193
0 0.740454 0.225845 0.056333 0.025966
0 0.743667 0.266002 0.057467 0.027174
0 0.731947 0.312802 0.062760 0.024758
0 0.738563 0.347071 0.060113 0.025060
0 0.747637 0.396135 0.072968 0.031401
0 0.744423 0.431461 0.053686 0.028986
0 0.743667 0.480374 0.065028 0.022947
0 0.746881 0.524607 0.069187 0.023853
0 0.748393 0.567482 0.053308 0.028080
0 0.751607 0.619565 0.057467 0.030193
0 0.748960 0.672554 0.059735 0.032307
0 0.763327 0.713617 0.062760 0.029287
0 0.754064 0.756341 0.067675 0.024758
0 0.742533 0.809481 0.057467 0.033213
0 0.750284 0.869867 0.060113 0.028986
0 0.749527 0.920290 0.058601 0.034420
0 0.819471 0.229469 0.054820 0.027174
0 0.821928 0.272192 0.057467 0.029287
0 0.820038 0.308726 0.066541 0.025060
0 0.824008 0.355072 0.053308 0.030193
0 0.823819 0.393418 0.055955 0.025966
0 0.846125 0.438859 0.061248 0.031099
0 0.835728 0.476298 0.058601 0.033514
0 0.836295 0.529438 0.057467 0.025060
0 0.831002 0.573671 0.052174 0.030193
0 0.827788 0.617603 0.056333 0.031099
0 0.836295 0.669988 0.065028 0.033213
0 0.844045 0.716787 0.067675 0.039855
0 0.842911 0.763587 0.067675 0.033213
0 0.850095 0.812047 0.069187 0.034118
0 0.848582 0.862017 0.069187 0.028382
0 0.845369 0.911534 0.065028 0.037440
0 0.901512 0.232186 0.062382 0.025966
0 0.900189 0.273249 0.062760 0.024758
0 0.893762 0.310236 0.062760 0.028080
0 0.917769 0.355525 0.058601 0.033514
0 0.908129 0.394022 0.065028 0.027174
0 0.915879 0.437198 0.062382 0.034420
0 0.913233 0.478412 0.060113 0.029287
0 0.920983 0.521588 0.075614 0.028080
0 0.914556 0.571709 0.075614 0.036534
0 0.919849 0.624698 0.057467 0.040459
0 0.917769 0.669988 0.058601 0.028986
0 0.919849 0.717240 0.065028 0.036534
0 0.924386 0.762077 0.061248 0.034420
0 0.939887 0.815670 0.071834 0.035326
0 0.928355 0.863074 0.063894 0.032307
0 0.933459 0.913647 0.071834 0.027174
3 0.797353 0.952899 0.091493 0.031401
