0 0.135167 0.039839 0.057320 0.028065
0 0.219597 0.046290 0.058869 0.028065
0 0.303060 0.050323 0.066228 0.030323
0 0.386909 0.051774 0.071263 0.022903
0 0.475600 0.055484 0.068939 0.032258
0 0.142138 0.085161 0.061193 0.025161
0 0.143300 0.128387 0.058869 0.028387
0 0.144462 0.173065 0.061193 0.028065
0 0.141557 0.212742 0.072424 0.028065
0 0.143300 0.254194 0.063517 0.021935
0 0.135747 0.303226 0.058482 0.030323
0 0.133230 0.350484 0.058869 0.024839
0 0.120256 0.393065 0.052285 0.022903
0 0.125290 0.437419 0.070101 0.028387
0 0.120837 0.487419 0.061193 0.030323
0 0.112703 0.526935 0.065066 0.028065
0 0.114059 0.579032 0.072424 0.030323
0 0.112703 0.630968 0.069713 0.021935
0 0.110186 0.672581 0.062355 0.023871
0 0.104570 0.725645 0.065840 0.026129
0 0.114640 0.766290 0.071263 0.030000
0 0.103989 0.825645 0.064679 0.034516
0 0.106507 0.877258 0.072037 0.033226
0 0.105151 0.926613 0.057707 0.028065
0 0.225213 0.084677 0.060031 0.030000
0 0.228892 0.130484 0.059644 0.026129
0 0.225794 0.172581 0.075910 0.029032
0 0.225213 0.219516 0.062355 0.024839
0 0.224438 0.260968 0.066228 0.027097
0 0.225213 0.301613 0.062355 0.027097
0 0.219016 0.353710 0.062355 0.022903
0 0.205267 0.394677 0.065066 0.028065
0 0.208947 0.439516 0.060031 0.030000
0 0.208172 0.482258 0.066228 0.023871
0 0.210883 0.527903 0.056158 0.028065
0 0.207010 0.576935 0.066228 0.026129
0 0.203912 0.625645 0.064679 0.028065
0 0.207010 0.673710 0.058482 0.030000
0 0.200232 0.723065 0.054996 0.031290
0 0.200813 0.771452 0.066228 0.024194
0 0.198877 0.824032 0.057707 0.039677
0 0.185128 0.869355 0.065066 0.030323
0 0.185709 0.925968 0.066228 0.039677
0 0.301898 0.088387 0.058482 0.029032
0 0.308869 0.134677 0.060031 0.030000
0 0.317583 0.178871 0.062742 0.031290
0 0.313129 0.220000 0.056158 0.030323
0 0.307514 0.265161 0.065066 0.027097
0 0.306352 0.305323 0.065066 0.036452
0 0.314291 0.354194 0.066228 0.028387
0 0.296282 0.396290 0.069713 0.029355
0 0.303253 0.439516 0.071263 0.026129
0 0.303253 0.484677 0.071263 0.031290
0 0.294539 0.528871 0.068552 0.028065
0 0.298799 0.578387 0.072424 0.029032
0 0.295701 0.629032 0.068552 0.032258
0 0.293765 0.672742 0.070101 0.028065
0 0.293765 0.724032 0.074748 0.033226
0 0.296476 0.773548 0.072424 0.028387
0 0.283888 0.819355 0.069713 0.025806
0 0.292022 0.873387 0.071263 0.038387
0 0.290085 0.926452 0.067390 0.032258
0 0.394462 0.091935 0.058482 0.030323
0 0.387684 0.138871 0.067390 0.026129
0 0.401239 0.180806 0.057320 0.031290
0 0.390008 0.224032 0.057320 0.026129
0 0.394462 0.265161 0.053834 0.025161
0 0.396979 0.308871 0.058869 0.031290
0 0.392525 0.356129 0.062355 0.032258
0 0.392719 0.397903 0.054996 0.024194
0 0.391170 0.440484 0.054996 0.026129
0 0.390201 0.483710 0.049961 0.029355
0 0.383811 0.532581 0.054996 0.027097
0 0.395043 0.580645 0.067390 0.027097
0 0.378195 0.626290 0.066228 0.026774
0 0.381875 0.673710 0.068939 0.030000
0 0.390008 0.717419 0.062742 0.032258
0 0.392525 0.775161 0.064679 0.035484
0 0.376840 0.823065 0.061193 0.033226
0 0.381294 0.878065 0.067777 0.029032
0 0.379357 0.925000 0.058482 0.033226
0 0.481991 0.097581 0.056158 0.031290
0 0.487607 0.145484 0.057320 0.029032
0 0.479473 0.182097 0.051123 0.022903
0 0.473083 0.221129 0.063904 0.028065
0 0.481797 0.266129 0.048799 0.027097
0 0.473083 0.305161 0.066228 0.023871
0 0.472502 0.348387 0.057320 0.027097
0 0.478118 0.396452 0.053834 0.027097
0 0.479473 0.434355 0.058869 0.028065
0 0.476181 0.480161 0.057707 0.026129
0 0.476181 0.528065 0.060031 0.021935
0 0.475794 0.583065 0.066228 0.028065
0 0.475019 0.624355 0.060031 0.022903
0 0.477537 0.674194 0.065066 0.029032
0 0.473857 0.720000 0.060031 0.027097
0 0.472502 0.765645 0.062742 0.031290
0 0.469985 0.820484 0.062355 0.028065
0 0.478118 0.868871 0.063904 0.031290
0 0.479280 0.925000 0.068552 0.033226
0 0.562548 0.058710 0.060031 0.025806
0 0.560418 0.100806 0.061193 0.029355
0 0.563710 0.140323 0.060031 0.027097
0 0.566809 0.186613 0.053834 0.028065
0 0.558095 0.230323 0.061193 0.025806
0 0.567971 0.269516 0.053834 0.022903
0 0.563710 0.307419 0.062355 0.021935
0 0.554996 0.353226 0.062742 0.032258
0 0.564291 0.394677 0.061193 0.026129
0 0.557514 0.441613 0.057707 0.032258
0 0.557514 0.482742 0.060031 0.022903
0 0.562355 0.524355 0.065066 0.020968
0 0.560418 0.577903 0.061193 0.030000
0 0.562355 0.620968 0.057320 0.027097
0 0.563710 0.671613 0.054609 0.025806
0 0.564485 0.716290 0.066228 0.030000
0 0.569326 0.763065 0.058869 0.034516
0 0.567583 0.818710 0.062355 0.029032
0 0.558675 0.874032 0.057707 0.033226
0 0.581720 0.923387 0.058869 0.042903
0 0.648141 0.059194 0.053834 0.026774
0 0.724826 0.070645 0.049961 0.020645
0 0.807901 0.065323 0.053447 0.022903
0 0.877421 0.067097 0.049961 0.021935
0 0.638071 0.102419 0.053834 0.026129
0 0.724826 0.109677 0.052285 0.020000
0 0.806545 0.110645 0.056158 0.023871
0 0.884198 0.110161 0.053447 0.022903
0 0.646204 0.145968 0.052285 0.028065
0 0.719791 0.146452 0.049961 0.018710
0 0.807901 0.147097 0.061193 0.023871
0 0.884779 0.147581 0.057707 0.024839
0 0.644268 0.183548 0.048412 0.021935
0 0.722308 0.187742 0.054996 0.030323
0 0.804222 0.186129 0.056158 0.027097
0 0.887878 0.189355 0.058482 0.027097
0 0.635554 0.226774 0.061193 0.029032
0 0.730442 0.225645 0.061193 0.029355
0 0.823586 0.227742 0.060031 0.029032
0 0.899884 0.227258 0.060031 0.021613
0 0.651627 0.268387 0.056158 0.025161
0 0.724245 0.267903 0.048799 0.028065
0 0.809256 0.267419 0.058482 0.027097
0 0.889040 0.267742 0.053834 0.030323
0 0.654338 0.307419 0.053834 0.023871
0 0.737413 0.310968 0.057320 0.027097
0 0.811580 0.306935 0.066228 0.031290
0 0.896204 0.310968 0.054996 0.027097
0 0.643687 0.349516 0.059644 0.022903
0 0.733540 0.354839 0.057320 0.027097
0 0.822231 0.356290 0.057320 0.034516
0 0.892912 0.355806 0.053834 0.029032
0 0.644849 0.396935 0.054996 0.026129
0 0.727343 0.399516 0.067390 0.033226
0 0.827266 0.397903 0.067390 0.026129
0 0.899109 0.402097 0.053834 0.028065
0 0.639814 0.438387 0.054996 0.030323
0 0.732959 0.440645 0.053834 0.023871
0 0.805383 0.444194 0.058482 0.029032
0 0.892912 0.443065 0.063904 0.022903
0 0.626065 0.482097 0.062355 0.028065
0 0.728699 0.484677 0.060031 0.031290
0 0.807901 0.491129 0.068939 0.031290
0 0.900271 0.492097 0.066228 0.029355
0 0.643106 0.524839 0.056158 0.034194
0 0.729861 0.529516 0.062355 0.033226
0 0.817777 0.537258 0.066228 0.030000
0 0.901627 0.533710 0.063517 0.029355
0 0.643106 0.574355 0.076297 0.031290
0 0.741673 0.580484 0.061193 0.031290
0 0.822231 0.583226 0.067390 0.023871
0 0.905500 0.578387 0.061193 0.025161
0 0.658017 0.622742 0.063517 0.028065
0 0.737413 0.625323 0.065066 0.024839
0 0.821844 0.627903 0.061193 0.026129
0 0.903563 0.625161 0.079783 0.029032
0 0.658017 0.674677 0.068939 0.024194
0 0.737994 0.672581 0.063904 0.025806
0 0.832881 0.670645 0.068552 0.023871
0 0.915957 0.670484 0.065066 0.030000
0 0.649884 0.716290 0.067390 0.026129
0 0.742254 0.715806 0.060031 0.027097
0 0.827266 0.716290 0.069713 0.026129
0 0.926026 0.718387 0.057320 0.021935
0 0.652401 0.761613 0.067777 0.027097
0 0.729280 0.768387 0.079009 0.030323
0 0.832881 0.769839 0.066228 0.041613
0 0.917893 0.766774 0.071263 0.033548
0 0.657436 0.817258 0.064679 0.026129
0 0.736832 0.820968 0.063904 0.029032
0 0.836561 0.818710 0.071263 0.027097
0 0.920991 0.818226 0.065066 0.038387
0 0.658211 0.872419 0.066228 0.030000
0 0.757359 0.866613 0.062355 0.033226
0 0.842177 0.866613 0.072424 0.031290
0 0.931642 0.868387 0.066228 0.032258
0 0.671766 0.921774 0.066228 0.031290
0 0.750387 0.917581 0.063904 0.039677
0 0.843532 0.921290 0.067390 0.038710
0 0.923509 0.919677 0.062355 0.037419
3 0.794152 0.955161 0.058482 0.027097
