0 0.154224 0.047922 0.057174 0.030087
0 0.248361 0.051024 0.058267 0.025744
0 0.330299 0.052419 0.061908 0.024814
0 0.407138 0.057227 0.061908 0.023883
0 0.483066 0.059243 0.055717 0.026055
0 0.557538 0.060174 0.061908 0.027916
0 0.635288 0.061259 0.064457 0.025744
0 0.709942 0.064361 0.060816 0.025744
0 0.793700 0.060329 0.055717 0.019541
0 0.880554 0.053040 0.061908 0.021712
0 0.156045 0.090261 0.060816 0.023573
0 0.238711 0.094448 0.055717 0.023883
0 0.320648 0.092277 0.052076 0.030087
0 0.398398 0.093362 0.059723 0.023573
0 0.479425 0.096464 0.055717 0.026055
0 0.562637 0.100031 0.061908 0.026985
0 0.631646 0.103288 0.064457 0.024814
0 0.714858 0.098480 0.058267 0.017680
0 0.793700 0.102202 0.060816 0.026985
0 0.876366 0.098015 0.060816 0.022953
0 0.154406 0.134305 0.054625 0.024814
0 0.243627 0.135701 0.058267 0.025744
0 0.313911 0.135701 0.056082 0.023883
0 0.397851 0.133685 0.058631 0.027916
0 0.482338 0.139888 0.059359 0.034119
0 0.557174 0.143921 0.058267 0.027916
0 0.640932 0.142990 0.058267 0.027916
0 0.716679 0.143455 0.054625 0.022643
0 0.805899 0.139888 0.060452 0.021712
0 0.879461 0.141439 0.061908 0.018610
0 0.148216 0.170285 0.059723 0.024814
0 0.230153 0.180676 0.060452 0.022643
0 0.318099 0.178195 0.059359 0.025744
0 0.402768 0.180211 0.050983 0.021712
0 0.480699 0.183313 0.065550 0.023573
0 0.565004 0.183778 0.059359 0.026985
0 0.642025 0.182847 0.067735 0.022643
0 0.719592 0.185329 0.065550 0.017680
0 0.808813 0.187965 0.061908 0.018610
0 0.882192 0.183933 0.049162 0.031017
0 0.148762 0.217432 0.063001 0.027916
0 0.230153 0.219448 0.056082 0.023883
0 0.311362 0.222084 0.058267 0.031017
0 0.391296 0.221464 0.062272 0.027916
0 0.483066 0.222084 0.055717 0.026675
0 0.563729 0.223635 0.059723 0.027916
0 0.639658 0.226737 0.060816 0.027916
0 0.727604 0.225651 0.049527 0.030087
0 0.802258 0.226117 0.060452 0.024814
0 0.882374 0.226272 0.060452 0.026985
0 0.145302 0.259305 0.065550 0.024814
0 0.231428 0.261321 0.060816 0.022643
0 0.317553 0.260856 0.060452 0.023573
0 0.399672 0.263958 0.064457 0.026055
0 0.485433 0.262872 0.056082 0.023883
0 0.554079 0.267060 0.066642 0.021712
0 0.646213 0.263958 0.064457 0.023573
0 0.727058 0.270161 0.048434 0.021712
0 0.811908 0.264423 0.053532 0.020782
0 0.876366 0.260236 0.053532 0.031017
0 0.144574 0.305986 0.056810 0.031328
0 0.226511 0.310019 0.058267 0.031328
0 0.317553 0.305521 0.065550 0.030397
0 0.396031 0.304435 0.064457 0.028226
0 0.478150 0.308002 0.053168 0.029156
0 0.564822 0.309088 0.061908 0.023263
0 0.645666 0.306917 0.058267 0.025124
0 0.720320 0.311104 0.054625 0.027295
0 0.796249 0.310174 0.060816 0.027295
0 0.882921 0.309553 0.066642 0.024194
0 0.142753 0.350651 0.063365 0.028846
0 0.231428 0.350031 0.060816 0.030087
0 0.309723 0.351737 0.064457 0.031017
0 0.395484 0.351117 0.053897 0.029777
0 0.483613 0.354218 0.056810 0.027916
0 0.560816 0.353598 0.065550 0.024814
0 0.637837 0.356234 0.059359 0.031948
0 0.728878 0.356234 0.064457 0.025744
0 0.795703 0.351582 0.061908 0.028846
0 0.878186 0.355769 0.064457 0.024814
0 0.144574 0.393921 0.059723 0.031017
0 0.221777 0.398728 0.058267 0.023883
0 0.305535 0.397643 0.065550 0.026055
0 0.393664 0.397177 0.059723 0.026985
0 0.481063 0.395006 0.061908 0.022643
0 0.572833 0.396092 0.063365 0.020471
0 0.648034 0.399194 0.060816 0.022953
0 0.728696 0.397177 0.061908 0.026985
0 0.800983 0.398728 0.070284 0.023883
0 0.884741 0.397177 0.060816 0.022643
0 0.136744 0.437965 0.068099 0.023573
0 0.225419 0.440136 0.072833 0.021712
0 0.309723 0.439051 0.066642 0.023883
0 0.392935 0.437965 0.061180 0.026055
0 0.480517 0.439516 0.060816 0.029156
0 0.563183 0.441532 0.053532 0.028846
0 0.647487 0.442153 0.069192 0.030087
0 0.723416 0.442153 0.063001 0.025744
0 0.815550 0.441687 0.063001 0.024814
0 0.899308 0.443548 0.063001 0.024814
0 0.141661 0.483871 0.058267 0.031017
0 0.229425 0.480769 0.061908 0.031017
0 0.321741 0.487593 0.064457 0.032258
0 0.390022 0.481390 0.059723 0.026055
0 0.475601 0.486042 0.065550 0.024814
0 0.560634 0.482475 0.055717 0.025744
0 0.645120 0.482940 0.057174 0.024814
0 0.731974 0.484491 0.058267 0.027916
0 0.809541 0.484491 0.067735 0.026055
0 0.889658 0.480924 0.063365 0.026985
0 0.132921 0.529932 0.065550 0.025744
0 0.213765 0.531483 0.067007 0.033189
0 0.312090 0.532103 0.076475 0.025744
0 0.397123 0.528381 0.069556 0.028846
0 0.490350 0.531483 0.068099 0.022643
0 0.582484 0.525434 0.060816 0.024814
0 0.650401 0.529001 0.065550 0.025744
0 0.717953 0.530087 0.066642 0.027916
0 0.812637 0.532568 0.066642 0.031017
0 0.898762 0.531483 0.069192 0.035050
0 0.138019 0.578009 0.058267 0.039392
0 0.224144 0.574442 0.063001 0.032258
0 0.310269 0.574442 0.063365 0.032258
0 0.390568 0.580180 0.078296 0.028846
0 0.494538 0.574442 0.067007 0.032258
0 0.578296 0.574907 0.052440 0.026985
0 0.652950 0.573976 0.070648 0.028846
0 0.729971 0.574442 0.059359 0.029777
3 0.756191 0.953474 0.106701 0.055831
