0 0.129421 0.054732 0.060948 0.034472
0 0.211813 0.055337 0.062453 0.035682
0 0.297216 0.059571 0.062453 0.037496
0 0.395222 0.060780 0.063582 0.026005
0 0.473853 0.064560 0.065087 0.029332
0 0.558126 0.069701 0.059819 0.026913
0 0.642588 0.068793 0.064710 0.025098
0 0.723476 0.072876 0.066215 0.027215
0 0.800790 0.073480 0.056810 0.026005
0 0.897479 0.074388 0.063582 0.021772
0 0.125658 0.100544 0.066215 0.019655
0 0.217457 0.102510 0.060948 0.030239
0 0.299285 0.098276 0.058315 0.030239
0 0.390143 0.108709 0.060948 0.028122
0 0.475169 0.108255 0.062453 0.027215
0 0.556998 0.113547 0.072611 0.026913
0 0.634688 0.112489 0.062453 0.027215
0 0.723664 0.113547 0.053047 0.029332
0 0.806057 0.113849 0.059819 0.032356
0 0.886569 0.119897 0.049285 0.025098
0 0.119074 0.138645 0.063582 0.025098
0 0.216328 0.142728 0.058691 0.020562
0 0.301919 0.146356 0.058315 0.026005
0 0.389391 0.149078 0.057186 0.018748
0 0.477803 0.148775 0.057186 0.022982
0 0.562077 0.158301 0.062453 0.029332
0 0.637886 0.156789 0.063582 0.026308
0 0.724229 0.156789 0.069977 0.026308
0 0.809819 0.155277 0.059819 0.020865
0 0.886945 0.166163 0.063582 0.023889
0 0.121708 0.186574 0.058315 0.031448
0 0.214447 0.179770 0.062453 0.028122
0 0.297968 0.185969 0.066215 0.030239
0 0.381866 0.190656 0.075245 0.026913
0 0.470467 0.191715 0.063582 0.024796
0 0.565275 0.191715 0.058315 0.029029
0 0.643153 0.200030 0.063582 0.029332
0 0.725546 0.203205 0.070354 0.027215
0 0.808503 0.201089 0.057186 0.022982
0 0.898044 0.200484 0.064710 0.026005
0 0.122837 0.225129 0.063582 0.026913
0 0.205794 0.225582 0.060948 0.030239
0 0.294206 0.233444 0.079007 0.027215
0 0.379797 0.235561 0.068849 0.027215
0 0.473853 0.234503 0.067344 0.026913
0 0.552859 0.233898 0.059819 0.028122
0 0.644470 0.238736 0.066215 0.020865
0 0.722348 0.241911 0.066215 0.022982
0 0.815651 0.244935 0.068473 0.029029
0 0.887133 0.244935 0.055681 0.024796
0 0.121708 0.267917 0.063582 0.029029
0 0.204665 0.271545 0.060948 0.026005
0 0.294771 0.273057 0.065087 0.027215
0 0.396163 0.276686 0.051919 0.024191
0 0.472536 0.277139 0.067720 0.025098
0 0.554929 0.276686 0.060948 0.026005
0 0.640519 0.280466 0.068849 0.025098
0 0.726862 0.278803 0.067720 0.024191
0 0.809819 0.284548 0.070354 0.018748
0 0.899360 0.281373 0.067344 0.025098
0 0.118322 0.313728 0.065087 0.025098
0 0.198834 0.314182 0.059819 0.030239
0 0.285177 0.319020 0.060948 0.033263
0 0.392212 0.318869 0.067344 0.035379
0 0.464823 0.324766 0.062077 0.026005
0 0.550414 0.320532 0.064710 0.034472
0 0.623025 0.327336 0.064710 0.026913
0 0.708051 0.328848 0.084274 0.028122
3 0.758465 0.939371 0.089541 0.072876
