0 0.131520 0.040810 0.061163 0.026574
0 0.213321 0.037963 0.070169 0.028472
0 0.295310 0.040810 0.061538 0.024043
0 0.388180 0.038912 0.057411 0.026574
0 0.462289 0.043341 0.062289 0.028472
0 0.544278 0.050617 0.053659 0.030370
0 0.617073 0.048877 0.057411 0.023094
0 0.704690 0.047928 0.057786 0.024992
0 0.783302 0.052199 0.070169 0.025308
0 0.863790 0.051250 0.057786 0.031636
0 0.138086 0.084309 0.054784 0.024359
0 0.220263 0.086207 0.056285 0.019930
0 0.295497 0.083518 0.064916 0.027207
0 0.385741 0.085891 0.067542 0.023094
0 0.460788 0.085100 0.052533 0.028472
0 0.539775 0.089529 0.057411 0.026574
0 0.628893 0.089845 0.051032 0.027207
0 0.693996 0.092218 0.066417 0.024992
0 0.786867 0.087947 0.063790 0.021512
0 0.867730 0.086207 0.068668 0.030686
0 0.127392 0.127017 0.061163 0.024992
0 0.211445 0.128915 0.053659 0.027523
0 0.301876 0.127966 0.049906 0.024992
0 0.372233 0.130339 0.067542 0.025308
0 0.467542 0.126226 0.058537 0.030370
0 0.539775 0.130339 0.057411 0.031636
0 0.617636 0.132395 0.061538 0.023094
0 0.701126 0.132553 0.055159 0.026574
0 0.780863 0.128915 0.072795 0.024992
0 0.864728 0.132553 0.047655 0.026574
0 0.128705 0.167036 0.076548 0.025308
0 0.213884 0.170516 0.071295 0.028472
0 0.298874 0.172414 0.061163 0.023410
0 0.385178 0.172414 0.058912 0.018981
0 0.463227 0.173205 0.062664 0.024992
0 0.545591 0.174945 0.067542 0.024043
0 0.623452 0.174945 0.072420 0.022145
0 0.708255 0.177634 0.062664 0.023094
0 0.787805 0.175894 0.058912 0.024043
0 0.866417 0.172572 0.067542 0.024359
0 0.125516 0.212749 0.072420 0.024359
0 0.214259 0.213382 0.067542 0.023094
0 0.296060 0.215122 0.071295 0.026574
0 0.378799 0.216704 0.073921 0.027207
0 0.463415 0.210060 0.067542 0.025308
0 0.538462 0.216071 0.078049 0.019614
0 0.628893 0.215122 0.066041 0.026574
0 0.704690 0.217020 0.070544 0.022145
0 0.786116 0.212591 0.078049 0.022145
0 0.866792 0.217653 0.071295 0.018981
0 0.120826 0.254034 0.084803 0.022145
0 0.207317 0.256881 0.073921 0.028472
0 0.288368 0.255932 0.087430 0.028472
0 0.376548 0.257039 0.081426 0.024359
0 0.458724 0.256090 0.083677 0.020563
0 0.540150 0.255141 0.081426 0.024359
0 0.622514 0.253559 0.078799 0.024992
0 0.699812 0.256723 0.080300 0.023094
0 0.783865 0.256090 0.078799 0.022461
0 0.865478 0.256723 0.088180 0.021196
0 0.122702 0.299747 0.086304 0.027523
0 0.210882 0.300696 0.087805 0.027523
0 0.296623 0.300538 0.081426 0.020247
0 0.375797 0.299431 0.088180 0.026258
0 0.457974 0.298007 0.091182 0.022145
0 0.542589 0.298165 0.081051 0.026258
0 0.624578 0.303385 0.079925 0.024043
0 0.709944 0.300538 0.080300 0.028472
0 0.782739 0.297058 0.076548 0.026574
0 0.874296 0.298798 0.060788 0.027523
0 0.128518 0.346093 0.068668 0.027207
0 0.209006 0.345777 0.066041 0.024043
0 0.297186 0.344828 0.062289 0.024043
0 0.388180 0.343404 0.064916 0.024359
0 0.472233 0.346093 0.064916 0.033534
0 0.550281 0.340715 0.065666 0.025308
0 0.627205 0.342455 0.060413 0.024359
0 0.709944 0.340715 0.069794 0.018981
0 0.795685 0.339766 0.061163 0.025308
0 0.882552 0.343246 0.052533 0.023410
0 0.126266 0.391490 0.078424 0.027523
0 0.203752 0.395761 0.083302 0.027839
0 0.290244 0.394812 0.068668 0.021512
0 0.387805 0.390541 0.068668 0.023094
0 0.463227 0.385954 0.070169 0.028472
0 0.549156 0.386903 0.061163 0.026574
0 0.635460 0.390541 0.058912 0.020563
0 0.717073 0.383423 0.067542 0.022145
0 0.798124 0.385954 0.066041 0.020247
0 0.877674 0.384214 0.054784 0.024992
0 0.125891 0.429136 0.070169 0.024359
0 0.203377 0.429769 0.062289 0.023094
0 0.304690 0.425973 0.072795 0.024359
0 0.381614 0.429611 0.063790 0.025308
0 0.466041 0.434040 0.062289 0.025308
0 0.553659 0.434514 0.055159 0.026258
0 0.633021 0.431825 0.058537 0.029737
0 0.717448 0.431351 0.060038 0.026258
0 0.791182 0.429769 0.070169 0.027523
0 0.871857 0.433882 0.068668 0.027523
0 0.121388 0.478171 0.066417 0.027523
0 0.209756 0.480860 0.060038 0.030370
0 0.296623 0.477697 0.061163 0.024043
0 0.391745 0.477222 0.063790 0.029421
0 0.468480 0.475008 0.057411 0.023094
0 0.543527 0.475008 0.064916 0.027523
0 0.637523 0.473426 0.060038 0.026258
0 0.712383 0.477064 0.077674 0.025308
0 0.792495 0.478646 0.062289 0.028472
0 0.876173 0.475166 0.075047 0.025308
0 0.124015 0.523568 0.068668 0.025308
0 0.214634 0.523094 0.067542 0.026258
0 0.290244 0.522936 0.068668 0.028472
0 0.385929 0.520405 0.072420 0.020879
0 0.469794 0.519456 0.072795 0.025308
0 0.554221 0.516767 0.076548 0.024359
0 0.631895 0.515660 0.063790 0.030370
0 0.718762 0.522461 0.064916 0.033850
0 0.798124 0.517716 0.061538 0.030686
0 0.878799 0.514078 0.065291 0.029737
0 0.122702 0.572604 0.066041 0.030370
0 0.205253 0.575293 0.058537 0.027523
0 0.301501 0.570389 0.058912 0.028472
0 0.382927 0.571971 0.061163 0.031636
0 0.462852 0.568966 0.076173 0.021196
0 0.551782 0.567858 0.066417 0.027207
0 0.643152 0.566751 0.063790 0.029421
0 0.717448 0.569915 0.054784 0.027523
0 0.807505 0.563113 0.062289 0.022145
0 0.883865 0.568807 0.055159 0.025308
0 0.122702 0.620057 0.058537 0.026574
0 0.209568 0.615786 0.064916 0.026258
0 0.290432 0.613255 0.063790 0.033850
0 0.376548 0.613097 0.066417 0.025308
0 0.468668 0.614679 0.060038 0.022145
0 0.556660 0.612148 0.058912 0.020879
0 0.638649 0.607877 0.072795 0.029421
0 0.725516 0.609459 0.066417 0.019930
0 0.801876 0.610566 0.069043 0.024043
0 0.878049 0.612148 0.063790 0.023410
0 0.123265 0.661183 0.055159 0.034799
0 0.208443 0.662290 0.057411 0.026258
0 0.294184 0.655331 0.056285 0.029421
0 0.377298 0.659601 0.077674 0.025308
0 0.469794 0.653749 0.075047 0.032585
0 0.559850 0.656912 0.054784 0.030686
0 0.643152 0.656912 0.071295 0.019930
0 0.721951 0.655331 0.056285 0.027523
0 0.812008 0.660076 0.071295 0.024359
0 0.888180 0.652167 0.063790 0.021196
0 0.122139 0.707529 0.064916 0.026258
0 0.202064 0.709586 0.072420 0.034799
0 0.286492 0.706106 0.066417 0.025308
0 0.383490 0.701677 0.060038 0.031636
0 0.464165 0.705947 0.069043 0.029421
0 0.546717 0.702309 0.073546 0.028472
0 0.633583 0.699779 0.064916 0.025308
0 0.721764 0.701835 0.058912 0.023094
0 0.821388 0.704998 0.060038 0.027523
0 0.895122 0.701677 0.064916 0.025308
0 0.117636 0.760202 0.068668 0.028472
0 0.207129 0.760835 0.067542 0.033534
0 0.290432 0.761310 0.056285 0.032585
0 0.384803 0.754508 0.057411 0.027207
0 0.469231 0.752926 0.053659 0.036697
0 0.548593 0.751345 0.065291 0.025308
0 0.649343 0.747706 0.053659 0.032585
0 0.733583 0.749288 0.067542 0.023094
0 0.818199 0.747706 0.068668 0.024359
0 0.900750 0.753401 0.061163 0.029421
0 0.120075 0.807181 0.063790 0.027523
0 0.206379 0.807656 0.063790 0.028472
0 0.287805 0.802910 0.069043 0.031636
0 0.380300 0.800380 0.073921 0.030370
0 0.463602 0.802594 0.064916 0.028472
0 0.552345 0.799905 0.067542 0.021196
0 0.648780 0.788674 0.060038 0.028472
0 0.731895 0.798798 0.066417 0.027207
0 0.813696 0.792471 0.070169 0.027207
0 0.903189 0.801487 0.069043 0.024359
0 0.112758 0.859538 0.053659 0.032901
0 0.209756 0.857798 0.060038 0.033850
0 0.288368 0.859380 0.064916 0.030686
0 0.380863 0.854160 0.067542 0.030370
0 0.471670 0.855742 0.069043 0.029737
0 0.559099 0.844195 0.056285 0.027523
0 0.653659 0.851471 0.060038 0.027523
0 0.733021 0.848782 0.073921 0.022145
0 0.823827 0.847358 0.062664 0.027523
0 0.904503 0.843562 0.058912 0.026258
0 0.122139 0.901613 0.064916 0.030370
0 0.202064 0.912211 0.070169 0.030686
0 0.288368 0.903670 0.077674 0.030686
0 0.384615 0.902246 0.067542 0.031636
0 0.467167 0.903195 0.060038 0.033534
0 0.557974 0.894337 0.069043 0.028472
0 0.646154 0.896868 0.069794 0.029737
0 0.749343 0.894812 0.066041 0.027523
0 0.823640 0.896235 0.067542 0.028472
0 0.913133 0.899083 0.076173 0.031636
3 0.773734 0.952230 0.054784 0.030370
