0 0.130869 0.061212 0.059150 0.034887
0 0.219409 0.064225 0.058041 0.032667
0 0.288725 0.056296 0.056932 0.018712
0 0.379113 0.061846 0.056562 0.024104
0 0.459519 0.062639 0.055453 0.021250
0 0.532163 0.057406 0.058041 0.019029
0 0.618484 0.060260 0.045102 0.023470
0 0.689279 0.057406 0.059519 0.023470
0 0.770980 0.057881 0.061738 0.021884
0 0.855638 0.058674 0.063956 0.024104
0 0.133457 0.100063 0.059150 0.021884
0 0.211091 0.107358 0.056932 0.026324
0 0.293346 0.103394 0.058041 0.024104
0 0.374677 0.099588 0.052865 0.025373
0 0.453235 0.100698 0.062847 0.027593
0 0.534196 0.102125 0.062107 0.022201
0 0.601479 0.099429 0.055453 0.027593
0 0.685028 0.103394 0.062847 0.022201
0 0.763771 0.099429 0.062847 0.021250
0 0.849908 0.095465 0.070240 0.020932
3 0.780407 0.961307 0.061368 0.029813
0 0.128281 0.145258 0.055453 0.025373
0 0.209612 0.149382 0.055453 0.025373
0 0.294640 0.146210 0.057671 0.023470
0 0.380961 0.143514 0.050647 0.024421
0 0.446950 0.142404 0.059150 0.022201
0 0.533087 0.144148 0.049538 0.027593
0 0.611275 0.143514 0.060259 0.024421
0 0.682070 0.141928 0.051756 0.027593
0 0.765250 0.142404 0.055453 0.022201
0 0.849908 0.138281 0.066543 0.024104
0 0.125693 0.188075 0.055453 0.028544
0 0.212015 0.186965 0.058041 0.026324
0 0.294640 0.186330 0.055453 0.021250
0 0.372274 0.186489 0.057671 0.025373
0 0.448059 0.184269 0.056932 0.025373
0 0.528096 0.183317 0.063956 0.025373
0 0.611830 0.185855 0.059150 0.024104
0 0.688355 0.184745 0.061368 0.026324
0 0.769131 0.183793 0.060259 0.024421
0 0.856007 0.181097 0.063956 0.023470
0 0.129575 0.225500 0.052865 0.025373
0 0.213309 0.233904 0.055453 0.023153
0 0.294640 0.232794 0.053235 0.025373
0 0.376710 0.226134 0.051756 0.022201
0 0.460259 0.227561 0.059150 0.023153
0 0.536784 0.228195 0.059150 0.024421
0 0.620518 0.224389 0.054344 0.029496
0 0.702588 0.225024 0.060259 0.026324
0 0.772828 0.229147 0.058041 0.024421
0 0.857116 0.225500 0.054344 0.029813
0 0.128835 0.274183 0.056562 0.023153
0 0.205360 0.275769 0.056562 0.030764
0 0.295194 0.269902 0.056562 0.027276
0 0.367283 0.271963 0.060259 0.021250
0 0.451756 0.271487 0.056932 0.026641
0 0.541590 0.268792 0.051756 0.027593
0 0.619224 0.271012 0.051756 0.027593
0 0.699445 0.267682 0.053974 0.031716
0 0.771534 0.264510 0.057671 0.025373
0 0.860259 0.264669 0.053235 0.027593
0 0.128281 0.317951 0.060628 0.026324
0 0.210906 0.318427 0.052865 0.025373
0 0.295194 0.317951 0.063956 0.026324
0 0.373567 0.314304 0.052865 0.027276
0 0.464695 0.313352 0.053235 0.031716
0 0.539926 0.310498 0.058041 0.028544
0 0.627357 0.312242 0.055453 0.027593
0 0.696858 0.308912 0.059150 0.025373
0 0.772089 0.309546 0.054344 0.028544
0 0.867098 0.313828 0.063956 0.024421
0 0.133087 0.360926 0.062847 0.031716
0 0.215896 0.360926 0.062847 0.025373
0 0.299630 0.359816 0.058041 0.029496
0 0.380407 0.358072 0.059150 0.028544
0 0.462292 0.357120 0.060259 0.030447
0 0.539926 0.357596 0.072828 0.027593
0 0.622366 0.356644 0.065434 0.023153
0 0.703882 0.353473 0.062847 0.023153
0 0.782625 0.353473 0.062847 0.027593
0 0.866359 0.352839 0.065434 0.030764
0 0.129020 0.406755 0.059150 0.026324
0 0.207763 0.406755 0.059150 0.024421
0 0.296488 0.406280 0.053974 0.027276
0 0.377819 0.405645 0.059150 0.022201
0 0.458410 0.395179 0.055453 0.026641
0 0.542884 0.399302 0.056562 0.022201
0 0.621811 0.399937 0.061368 0.025373
0 0.703142 0.400412 0.059150 0.026324
0 0.783179 0.398351 0.063956 0.026641
0 0.865804 0.397399 0.056932 0.028544
0 0.130129 0.447986 0.059150 0.026324
0 0.209612 0.446400 0.057671 0.027593
0 0.291682 0.447986 0.059150 0.026324
0 0.377819 0.446876 0.064325 0.028544
0 0.465804 0.446400 0.055453 0.029496
0 0.537338 0.445449 0.065434 0.029496
0 0.621072 0.443229 0.077634 0.029496
0 0.707394 0.443229 0.060259 0.023153
0 0.785582 0.440691 0.059150 0.030764
0 0.863956 0.439581 0.060628 0.028544
0 0.125878 0.491912 0.067652 0.025373
0 0.215896 0.489692 0.062847 0.025373
0 0.291497 0.490327 0.061738 0.028544
0 0.378373 0.491278 0.060259 0.028544
0 0.459889 0.487155 0.062847 0.032984
0 0.546026 0.486204 0.055453 0.028544
0 0.627911 0.486521 0.063956 0.031716
0 0.709982 0.482873 0.060259 0.032667
0 0.778928 0.482873 0.050277 0.026324
0 0.866543 0.483032 0.055453 0.028544
0 0.133272 0.542182 0.060259 0.030764
0 0.219963 0.535205 0.051756 0.035839
0 0.300185 0.534729 0.061368 0.026641
0 0.382070 0.536315 0.060259 0.025373
0 0.458410 0.532667 0.062847 0.030764
0 0.553420 0.529971 0.070240 0.023470
0 0.634750 0.529337 0.062847 0.028544
0 0.719039 0.529496 0.066543 0.030764
0 0.800370 0.525214 0.059150 0.026641
0 0.871349 0.525690 0.068022 0.029496
0 0.133272 0.587060 0.060259 0.025373
0 0.214048 0.584364 0.059150 0.026324
0 0.301294 0.579131 0.066543 0.024104
0 0.383364 0.579607 0.065065 0.029496
0 0.468392 0.575959 0.072458 0.024104
0 0.556562 0.572312 0.061738 0.029496
0 0.636044 0.574849 0.058041 0.026324
0 0.718484 0.574374 0.058041 0.025373
0 0.798706 0.571202 0.060259 0.023470
0 0.880591 0.570092 0.068762 0.027593
0 0.126987 0.636219 0.060259 0.032984
0 0.215896 0.630352 0.062847 0.023153
0 0.305176 0.629401 0.054344 0.029496
0 0.383919 0.630352 0.054344 0.029496
0 0.465989 0.618776 0.060259 0.031716
0 0.544732 0.626705 0.058041 0.028544
0 0.629760 0.619252 0.060259 0.032667
0 0.721627 0.620362 0.061368 0.028544
0 0.803697 0.617190 0.062847 0.026641
0 0.874492 0.615604 0.054344 0.025373
0 0.127726 0.681256 0.061738 0.031716
0 0.210166 0.679036 0.061738 0.029813
0 0.294640 0.673327 0.060628 0.028544
0 0.384658 0.673168 0.058041 0.030764
0 0.466543 0.665874 0.053974 0.032667
0 0.553974 0.664764 0.054344 0.028544
0 0.635860 0.663654 0.055453 0.030764
0 0.718669 0.664764 0.055453 0.026641
0 0.801848 0.666350 0.059150 0.025373
0 0.876895 0.662226 0.053974 0.031716
0 0.124584 0.726610 0.060628 0.033619
0 0.219409 0.729305 0.058041 0.030764
0 0.299445 0.720901 0.055453 0.028544
0 0.390758 0.721852 0.060628 0.032984
0 0.468946 0.715985 0.061738 0.029496
0 0.561368 0.713289 0.061738 0.034887
0 0.641035 0.714399 0.055453 0.030764
0 0.725878 0.716143 0.058041 0.031716
0 0.805545 0.712337 0.059150 0.030447
0 0.892791 0.714875 0.059150 0.031716
0 0.125323 0.779416 0.059150 0.035839
0 0.220702 0.768474 0.060628 0.028544
0 0.304436 0.765779 0.058041 0.029496
0 0.384473 0.766254 0.055453 0.026641
0 0.465250 0.767840 0.063956 0.029813
0 0.556562 0.766730 0.056562 0.033936
0 0.640296 0.762448 0.056932 0.025373
0 0.724769 0.758801 0.058041 0.026324
0 0.814603 0.763083 0.058041 0.030447
0 0.896673 0.758325 0.063956 0.027276
0 0.119039 0.822867 0.059150 0.029496
0 0.217560 0.818110 0.056562 0.026324
0 0.304436 0.821123 0.058041 0.028544
0 0.380776 0.815890 0.055453 0.037108
0 0.475786 0.815414 0.060628 0.029813
0 0.559704 0.816524 0.055453 0.029496
0 0.640296 0.810022 0.053974 0.025373
0 0.723475 0.807961 0.062847 0.029496
0 0.817190 0.808119 0.067652 0.031716
0 0.899076 0.810181 0.053974 0.029496
0 0.122736 0.875674 0.056932 0.033619
0 0.211460 0.875674 0.061368 0.031716
0 0.298336 0.875198 0.065065 0.032667
0 0.381516 0.866635 0.056932 0.026324
0 0.475231 0.867745 0.054344 0.032984
0 0.557671 0.865683 0.061738 0.030764
0 0.645841 0.862988 0.062847 0.031716
0 0.733272 0.861402 0.060259 0.028544
0 0.817745 0.859816 0.061368 0.031716
0 0.902218 0.862353 0.060259 0.028544
0 0.123290 0.921186 0.058041 0.033936
0 0.214603 0.918966 0.058041 0.029496
0 0.296488 0.914843 0.059150 0.029496
0 0.394455 0.915319 0.060628 0.032984
0 0.478189 0.914843 0.052865 0.029496
0 0.578004 0.911671 0.065434 0.033936
0 0.651386 0.909927 0.061368 0.034887
0 0.730869 0.911513 0.065065 0.031716
0 0.823845 0.906755 0.056562 0.028544
0 0.916821 0.904694 0.062847 0.030764
