0 0.109787 0.167767 0.053952 0.029703
0 0.168130 0.169417 0.050188 0.030803
0 0.230866 0.171067 0.055207 0.031903
0 0.285445 0.176568 0.046424 0.036304
0 0.344417 0.176018 0.048934 0.028603
0 0.406524 0.179318 0.047679 0.033003
0 0.458595 0.179318 0.048934 0.030803
0 0.513174 0.183718 0.050188 0.035204
0 0.574028 0.191419 0.051443 0.033003
0 0.632999 0.180968 0.051443 0.036304
0 0.695107 0.189769 0.057716 0.029703
0 0.752196 0.190869 0.056462 0.027503
0 0.814304 0.193069 0.057716 0.031903
0 0.867629 0.195820 0.056462 0.035204
0 0.933501 0.201320 0.052698 0.035204
0 0.104141 0.202420 0.052698 0.033003
0 0.166876 0.200770 0.050188 0.031903
0 0.227102 0.206271 0.055207 0.031903
0 0.286073 0.209571 0.062735 0.029703
0 0.350063 0.205721 0.052698 0.035204
0 0.405270 0.216172 0.052698 0.036304
0 0.458595 0.217822 0.048934 0.028603
0 0.510038 0.217822 0.056462 0.037404
0 0.577792 0.219472 0.048934 0.029703
0 0.631117 0.220572 0.055207 0.038504
0 0.688206 0.223322 0.056462 0.030803
0 0.753450 0.228273 0.051443 0.031903
0 0.805521 0.228823 0.052698 0.033003
0 0.871393 0.229373 0.056462 0.029703
0 0.929737 0.229373 0.055207 0.029703
0 0.106023 0.233773 0.056462 0.027503
0 0.171895 0.235424 0.057716 0.026403
0 0.227102 0.238174 0.060226 0.031903
0 0.286073 0.243674 0.052698 0.031903
0 0.344417 0.246975 0.053952 0.027503
0 0.395859 0.246975 0.053952 0.029703
0 0.456713 0.255226 0.055207 0.030803
0 0.511292 0.255776 0.051443 0.036304
0 0.569009 0.255776 0.056462 0.029703
0 0.636763 0.256876 0.058971 0.031903
0 0.696989 0.259076 0.048934 0.029703
0 0.750314 0.259076 0.052698 0.029703
0 0.812422 0.257976 0.053952 0.031903
0 0.867629 0.269527 0.053952 0.030803
0 0.929737 0.269527 0.050188 0.033003
0 0.107905 0.268977 0.055207 0.023102
0 0.168130 0.271727 0.050188 0.030803
0 0.222083 0.271177 0.050188 0.036304
0 0.282309 0.276678 0.055207 0.029703
0 0.337516 0.278878 0.055207 0.029703
0 0.392723 0.278878 0.052698 0.031903
0 0.447930 0.281078 0.050188 0.029703
0 0.516939 0.287129 0.050188 0.030803
0 0.563363 0.293179 0.052698 0.031903
0 0.631117 0.289879 0.052698 0.029703
0 0.684442 0.298680 0.053952 0.036304
0 0.748432 0.300880 0.058971 0.029703
0 0.799875 0.293729 0.053952 0.026403
0 0.851317 0.301430 0.056462 0.035204
0 0.910289 0.300330 0.063990 0.022002
0 0.100376 0.303080 0.047679 0.027503
0 0.161230 0.306931 0.053952 0.026403
0 0.227102 0.315182 0.052698 0.031903
0 0.284191 0.315732 0.053952 0.030803
0 0.337516 0.312431 0.057716 0.026403
0 0.394605 0.310231 0.053952 0.030803
0 0.452949 0.319582 0.060226 0.029703
0 0.516939 0.325083 0.050188 0.034103
0 0.575910 0.326733 0.050188 0.030803
0 0.631117 0.327833 0.047679 0.030803
0 0.682560 0.326733 0.050188 0.028603
0 0.737767 0.326733 0.035132 0.028603
0 0.789210 0.337184 0.052698 0.034103
0 0.860728 0.337734 0.055207 0.033003
0 0.921581 0.338834 0.058971 0.030803
0 0.099122 0.341034 0.050188 0.030803
0 0.161230 0.343234 0.051443 0.028603
0 0.216437 0.345435 0.048934 0.033003
0 0.284191 0.350385 0.048934 0.031903
0 0.341280 0.350385 0.047679 0.031903
0 0.394605 0.350935 0.053952 0.030803
0 0.454831 0.350385 0.058971 0.031903
0 0.513174 0.356986 0.055207 0.029703
0 0.567127 0.356986 0.052698 0.031903
0 0.622334 0.359736 0.057716 0.022002
0 0.686324 0.366887 0.055207 0.031903
0 0.741531 0.365787 0.057716 0.027503
0 0.809285 0.370737 0.055207 0.026403
0 0.864492 0.371837 0.047679 0.039604
0 0.919072 0.371837 0.053952 0.030803
0 0.102886 0.377338 0.055207 0.033003
0 0.154329 0.375138 0.057716 0.033003
0 0.220201 0.373487 0.061481 0.029703
0 0.276662 0.382288 0.066499 0.031903
0 0.335634 0.379538 0.053952 0.028603
0 0.394605 0.391089 0.056462 0.027503
0 0.454831 0.385589 0.053952 0.036304
0 0.513802 0.392739 0.053952 0.028603
0 0.569009 0.391639 0.051443 0.035204
0 0.622334 0.392739 0.055207 0.030803
0 0.688206 0.399340 0.053952 0.030803
0 0.748432 0.401540 0.063990 0.026403
0 0.799875 0.399340 0.053952 0.030803
0 0.850063 0.403740 0.051443 0.026403
0 0.922836 0.402090 0.063990 0.031903
0 0.095358 0.410891 0.057716 0.031903
0 0.099122 0.438394 0.057716 0.027503
0 0.157465 0.415292 0.053952 0.027503
0 0.214555 0.410341 0.052698 0.028603
0 0.269762 0.415842 0.052698 0.028603
0 0.324969 0.421342 0.047679 0.026403
0 0.387077 0.421342 0.051443 0.026403
0 0.433501 0.427393 0.051443 0.029703
0 0.516939 0.423542 0.050188 0.033003
0 0.570263 0.428493 0.051443 0.031903
0 0.625471 0.430693 0.056462 0.029703
0 0.686324 0.431793 0.057716 0.027503
0 0.741531 0.437294 0.050188 0.029703
0 0.787955 0.441694 0.060226 0.031903
0 0.848181 0.441694 0.055207 0.031903
0 0.914053 0.443344 0.061481 0.028603
3 0.837516 0.042354 0.101631 0.064906
