0 0.117315 0.171474 0.048934 0.026709
0 0.170640 0.171474 0.052698 0.028846
0 0.225220 0.171474 0.046424 0.033120
0 0.279799 0.168269 0.057716 0.028846
0 0.335006 0.169872 0.050188 0.032051
0 0.387077 0.169872 0.058971 0.027778
0 0.444793 0.168803 0.051443 0.025641
0 0.496236 0.171474 0.056462 0.030983
0 0.546424 0.170940 0.058971 0.027778
0 0.605395 0.170940 0.051443 0.029915
0 0.656211 0.168803 0.062735 0.023504
0 0.712045 0.171474 0.053952 0.022436
0 0.768507 0.168803 0.051443 0.027778
0 0.818068 0.169872 0.057716 0.027778
0 0.875157 0.168269 0.061481 0.030983
0 0.121079 0.208868 0.058971 0.020299
0 0.169385 0.205128 0.055207 0.025641
0 0.227102 0.205662 0.065245 0.024573
0 0.281681 0.207265 0.056462 0.027778
0 0.336888 0.205128 0.051443 0.029915
0 0.385194 0.206197 0.052698 0.027778
0 0.441029 0.204594 0.053952 0.028846
0 0.492472 0.202991 0.048934 0.032051
0 0.549561 0.206731 0.055207 0.028846
0 0.602886 0.206731 0.058971 0.024573
0 0.663112 0.206731 0.048934 0.030983
0 0.712673 0.204060 0.050188 0.023504
0 0.767880 0.205128 0.052698 0.025641
0 0.824341 0.207265 0.055207 0.027778
0 0.881430 0.207799 0.058971 0.030983
0 0.110414 0.240919 0.050188 0.026709
0 0.169385 0.240919 0.052698 0.028846
0 0.227102 0.239850 0.060226 0.026709
3 0.816186 0.038996 0.116688 0.052350
